trans_air_flight_date,trans_air_airport_iata_code,trans_air_carrier_code,trans_air_flight_number_hash,trans_air_scheduled_departure_local,trans_air_actual_departure_local,trans_air_departure_delay_minutes,trans_air_scheduled_arrival_local,trans_air_actual_arrival_local,trans_air_arrival_delay_minutes,trans_air_cancellation_flag,trans_air_diversion_flag,trans_air_taxi_out_minutes,trans_air_taxi_in_minutes,trans_air_airborne_time_minutes,trans_air_seat_capacity,trans_air_passengers_enplaned,trans_air_baggage_mishandled_rate,trans_air_tsa_wait_time_minutes,trans_air_gate_utilization_pct
2018-01-01,DTW,UA,FL000000001,05:00:00,05:02:00,2,07:35:00,11:04:00,209,0,0,35,7,309,160,119,3.87,51,83.4
2018-01-02,MSP,B6,FL000000002,05:11:00,05:15:00,4,07:46:00,09:46:00,120,0,0,39,10,206,76,46,4.534,32,52.33
2018-01-03,DFW,HA,FL000000003,05:22:00,08:59:00,217,07:57:00,11:24:00,207,0,0,49,19,382,300,253,4.13,47,80.31
2018-01-04,CLT,WN,FL000000004,05:33:00,06:32:00,59,08:08:00,12:56:00,288,0,0,11,23,348,76,48,7.127,102,44.56
2018-01-05,MSP,AS,FL000000005,05:44:00,07:06:00,82,08:19:00,09:51:00,92,0,0,24,16,309,50,33,0.435,108,55.66
2018-01-06,MCO,WN,FL000000006,05:55:00,06:29:00,34,08:30:00,11:02:00,152,0,0,59,20,25,260,225,9.657,110,42.62
2018-01-07,ORD,AS,FL000000007,06:06:00,09:22:00,196,08:41:00,10:38:00,117,0,0,42,10,48,150,104,2.046,74,91.03
2018-01-08,BOS,AS,FL000000008,06:17:00,06:35:00,18,08:52:00,08:56:00,4,0,0,18,9,121,220,195,0.518,67,17.03
2018-01-09,BOS,DL,FL000000009,06:28:00,08:28:00,120,09:03:00,09:52:00,49,0,0,34,26,343,150,107,11.391,59,48.09
2018-01-10,LGA,G4,FL000000010,06:39:00,07:13:00,34,09:14:00,11:49:00,155,0,0,8,25,150,160,118,4.897,51,81.47
2018-01-11,IAH,HA,FL000000011,06:50:00,07:15:00,25,09:25:00,11:25:00,120,0,0,26,12,34,130,118,6.367,56,26.09
2018-01-12,SEA,G4,FL000000012,07:01:00,08:17:00,76,09:36:00,11:01:00,85,0,0,58,4,364,190,127,1.021,94,13.62
2018-01-13,EWR,UA,FL000000013,07:12:00,10:09:00,177,09:47:00,14:40:00,293,0,0,37,26,343,190,112,8.066,12,54.98
2018-01-14,LAX,F9,FL000000014,07:23:00,10:11:00,168,09:58:00,14:25:00,267,0,0,14,22,331,70,53,7.752,78,72.68
2018-01-15,DFW,B6,FL000000015,07:34:00,08:29:00,55,10:09:00,10:56:00,47,0,0,43,14,144,220,102,5.482,6,80.45
2018-01-16,SEA,DL,FL000000016,07:45:00,10:54:00,189,10:20:00,13:22:00,182,0,0,12,20,42,160,77,2.121,89,37.78
2018-01-17,PHX,AA,FL000000017,07:56:00,10:23:00,147,10:31:00,11:11:00,40,0,0,39,6,104,240,234,7.604,98,10.34
2018-01-18,SFO,AA,FL000000018,08:07:00,09:59:00,112,10:42:00,11:22:00,40,0,0,20,21,260,130,109,7.451,31,28.19
2018-01-19,EWR,NK,FL000000019,08:18:00,10:03:00,105,10:53:00,14:38:00,225,0,0,24,3,278,160,118,8.307,60,42.89
2018-01-20,ORD,B6,FL000000020,08:29:00,11:22:00,173,11:04:00,15:58:00,294,0,0,57,11,149,190,125,1.538,118,88.1
2018-01-21,LAX,WN,FL000000021,08:40:00,08:44:00,4,11:15:00,12:12:00,57,0,0,24,13,114,175,89,6.466,78,24.59
2018-01-22,FLL,NK,FL000000022,08:51:00,12:36:00,225,11:26:00,13:52:00,146,0,0,52,6,32,175,160,0.775,120,24.09
2018-01-23,SFO,B6,FL000000023,09:02:00,09:53:00,51,11:37:00,16:12:00,275,0,0,54,22,45,300,193,5.302,57,51.39
2018-01-24,DTW,AS,FL000000024,09:13:00,12:08:00,175,11:48:00,14:20:00,152,0,0,27,24,217,90,74,8.364,33,54.76
2018-01-25,LAX,F9,FL000000025,09:24:00,09:36:00,12,11:59:00,15:31:00,212,0,0,36,6,291,260,201,11.757,120,58.79
2018-01-26,ORD,B6,FL000000026,09:35:00,13:10:00,215,12:10:00,16:36:00,266,0,0,30,8,74,240,141,6.502,119,46.97
2018-01-27,SEA,HA,FL000000027,09:46:00,13:27:00,221,12:21:00,12:56:00,35,0,0,20,28,278,190,93,8.078,55,64.57
2018-01-28,PHX,B6,FL000000028,09:57:00,11:22:00,85,12:32:00,13:43:00,71,0,0,25,27,185,70,39,6.102,3,86.38
2018-01-29,LAX,B6,FL000000029,10:08:00,11:30:00,82,12:43:00,15:50:00,187,0,0,51,3,140,190,181,0.366,61,63.86
2018-01-30,MCO,AA,FL000000030,10:19:00,11:00:00,41,12:54:00,15:13:00,139,0,0,37,22,216,70,35,0.233,45,50.4
2018-01-31,PHX,NK,FL000000031,10:30:00,13:46:00,196,13:05:00,13:14:00,9,0,0,7,29,296,190,136,2.124,64,42.22
2018-02-01,CLT,UA,FL000000032,10:41:00,13:26:00,165,13:16:00,17:03:00,227,0,0,51,15,331,90,83,2.348,6,17.82
2018-02-02,DFW,AA,FL000000033,10:52:00,11:06:00,14,13:27:00,13:41:00,14,0,0,31,11,116,150,140,0.428,39,36.69
2018-02-03,SEA,G4,FL000000034,11:03:00,12:13:00,70,13:38:00,16:00:00,142,0,0,30,25,113,160,127,7.983,73,70.32
2018-02-04,MSP,B6,FL000000035,11:14:00,14:20:00,186,13:49:00,15:17:00,88,0,0,41,15,175,160,85,2.149,100,25.51
2018-02-05,FLL,WN,FL000000036,11:25:00,14:35:00,190,14:00:00,15:00:00,60,0,1,29,9,151,150,140,6.173,52,69.48
2018-02-06,DFW,AA,FL000000037,11:36:00,14:38:00,182,14:11:00,16:27:00,136,0,0,9,11,36,110,51,2.69,97,80.96
2018-02-07,SEA,G4,FL000000038,11:47:00,12:38:00,51,14:22:00,14:19:00,-3,0,0,40,6,271,130,59,11.594,37,46.88
2018-02-08,DFW,AS,FL000000039,11:58:00,12:36:00,38,14:33:00,17:49:00,196,0,0,45,13,189,260,199,9.666,96,92.61
2018-02-09,ORD,AS,FL000000040,12:09:00,12:06:00,-3,14:44:00,18:31:00,227,0,0,48,15,83,110,73,1.269,62,71.89
2018-02-10,DFW,HA,FL000000041,12:20:00,12:58:00,38,14:55:00,15:22:00,27,0,0,48,12,314,240,225,11.743,33,86.81
2018-02-11,SEA,AS,FL000000042,12:31:00,12:43:00,12,15:06:00,17:27:00,141,0,0,8,26,283,260,220,9.961,24,93.05
2018-02-12,DEN,AS,FL000000043,12:42:00,12:46:00,4,15:17:00,18:44:00,207,0,0,45,10,109,130,108,0.02,22,48.55
2018-02-13,LAS,HA,FL000000044,12:53:00,14:56:00,123,15:28:00,17:26:00,118,0,0,54,11,291,76,51,4.9,78,22.29
2018-02-14,ATL,DL,FL000000045,13:04:00,16:35:00,211,15:39:00,20:33:00,294,0,0,19,26,388,300,227,6.308,85,43.83
2018-02-15,DTW,G4,FL000000046,13:15:00,16:13:00,178,15:50:00,17:47:00,117,0,0,57,5,371,130,104,10.978,57,43.3
2018-02-16,BOS,AA,FL000000047,13:26:00,17:09:00,223,16:01:00,20:39:00,278,0,0,5,8,305,175,90,4.402,112,20.45
2018-02-17,ATL,WN,FL000000048,13:37:00,14:28:00,51,16:12:00,16:04:00,-8,0,0,32,15,83,50,38,1.108,32,23.02
2018-02-18,DTW,F9,FL000000049,13:48:00,15:31:00,103,16:23:00,17:35:00,72,0,0,43,24,234,240,140,6.991,66,80.44
2018-02-19,ORD,UA,FL000000050,13:59:00,17:04:00,185,16:34:00,19:46:00,192,0,0,27,8,298,220,151,2.118,73,64.25
2018-02-20,SFO,AS,FL000000051,14:10:00,15:39:00,89,16:45:00,20:57:00,252,0,0,54,27,152,175,132,6.512,100,97.1
2018-02-21,BWI,F9,FL000000052,14:21:00,15:15:00,54,16:56:00,20:59:00,243,0,0,55,21,367,130,90,10.869,78,32.31
2018-02-22,SEA,G4,FL000000053,14:32:00,17:12:00,160,17:07:00,20:56:00,229,0,0,57,23,177,260,152,5.727,104,25.91
2018-02-23,JFK,UA,FL000000054,14:43:00,15:18:00,35,17:18:00,21:59:00,281,0,0,17,29,115,50,42,8.131,98,49.79
2018-02-24,PHX,DL,FL000000055,14:54:00,17:52:00,178,17:29:00,21:53:00,264,0,0,50,12,227,220,190,10.986,51,81.28
2018-02-25,DEN,HA,FL000000056,15:05:00,16:17:00,72,17:40:00,20:14:00,154,0,0,59,22,308,220,117,6.655,72,54.27
2018-02-26,FLL,G4,FL000000057,15:16:00,18:45:00,209,17:51:00,19:54:00,123,0,0,47,6,373,110,90,4.561,118,16.55
2018-02-27,ORD,AS,FL000000058,15:27:00,16:57:00,90,18:02:00,18:17:00,15,0,0,48,7,334,300,195,6.055,28,30.62
2018-02-28,FLL,WN,FL000000059,15:38:00,19:36:00,238,18:13:00,21:45:00,212,0,0,41,21,46,175,130,6.979,110,23.04
2018-03-01,IAH,AS,FL000000060,15:49:00,17:06:00,77,18:24:00,18:54:00,30,0,0,29,21,110,240,174,5.866,117,73.41
2018-03-02,DTW,HA,FL000000061,16:00:00,16:57:00,57,18:35:00,21:42:00,187,0,0,21,17,259,260,239,0.992,101,97.65
2018-03-03,IAH,DL,FL000000062,16:11:00,19:36:00,205,18:46:00,19:55:00,69,0,0,25,16,244,70,33,3.549,57,42.07
2018-03-04,SEA,DL,FL000000063,16:22:00,17:15:00,53,18:57:00,23:19:00,262,0,0,18,9,304,50,25,4.674,39,55.29
2018-03-05,DEN,G4,FL000000064,16:33:00,18:24:00,111,19:08:00,20:55:00,107,0,0,20,17,204,76,42,3.913,26,63.88
2018-03-06,LGA,NK,FL000000065,16:44:00,17:33:00,49,19:19:00,21:19:00,120,0,0,17,3,73,90,63,11.419,31,42.16
2018-03-07,SFO,F9,FL000000066,16:55:00,19:06:00,131,19:30:00,21:40:00,130,0,0,12,30,369,130,121,1.768,98,32.73
2018-03-08,DEN,F9,FL000000067,17:06:00,18:24:00,78,19:41:00,20:30:00,49,0,0,12,15,108,160,85,5.054,66,51.0
2018-03-09,LAX,DL,FL000000068,17:17:00,17:40:00,23,19:52:00,21:23:00,91,0,0,50,19,144,190,111,0.752,41,62.87
2018-03-10,EWR,B6,FL000000069,17:28:00,20:31:00,183,20:03:00,23:23:00,200,0,0,12,5,156,90,64,4.191,87,51.14
2018-03-11,MSP,NK,FL000000070,17:39:00,17:51:00,12,20:14:00,01:07:00,293,0,0,35,17,250,110,73,2.689,40,79.51
2018-03-12,EWR,AA,FL000000071,17:50:00,19:36:00,106,20:25:00,21:31:00,66,0,0,41,8,75,260,148,8.318,70,95.38
2018-03-13,JFK,NK,FL000000072,18:01:00,18:55:00,54,20:36:00,00:15:00,219,0,0,13,17,31,90,66,9.687,33,94.54
2018-03-14,ORD,AA,FL000000073,18:12:00,19:04:00,52,20:47:00,22:22:00,95,0,0,31,21,100,240,182,11.204,35,95.4
2018-03-15,DEN,WN,FL000000074,18:23:00,20:41:00,138,20:58:00,23:50:00,172,0,0,44,19,263,50,24,11.666,108,11.5
2018-03-16,MSP,UA,FL000000075,18:34:00,21:35:00,181,21:09:00,21:58:00,49,0,0,14,4,131,50,26,8.272,54,51.11
2018-03-17,JFK,AA,FL000000076,18:45:00,22:21:00,216,21:20:00,00:46:00,206,0,0,31,8,85,50,39,8.625,85,87.05
2018-03-18,CLT,AA,FL000000077,18:56:00,22:01:00,185,21:31:00,01:38:00,247,0,0,12,17,146,300,243,8.664,80,26.8
2018-03-19,EWR,B6,FL000000078,19:07:00,21:23:00,136,21:42:00,02:22:00,280,0,0,13,4,302,260,167,9.246,67,40.86
2018-03-20,MSP,DL,FL000000079,19:18:00,20:07:00,49,21:53:00,22:19:00,26,0,0,38,23,145,300,271,7.924,100,77.38
2018-03-21,ORD,WN,FL000000080,19:29:00,22:05:00,156,22:04:00,00:36:00,152,0,0,51,10,271,190,158,6.018,12,91.94
2018-03-22,ATL,WN,FL000000081,19:40:00,22:49:00,189,22:15:00,02:48:00,273,0,1,17,23,136,175,130,6.101,108,25.16
2018-03-23,DTW,AS,FL000000082,19:51:00,23:09:00,198,22:26:00,22:54:00,28,0,0,19,22,264,90,74,4.748,12,79.57
2018-03-24,MCO,AA,FL000000083,20:02:00,21:07:00,65,22:37:00,23:32:00,55,0,0,25,20,127,130,105,10.535,6,11.48
2018-03-25,SEA,UA,FL000000084,20:13:00,21:51:00,98,22:48:00,23:02:00,14,0,0,32,5,217,160,123,9.744,4,22.96
2018-03-26,DFW,AS,FL000000085,20:24:00,00:16:00,232,22:59:00,03:00:00,241,0,0,52,27,74,50,29,0.22,47,82.02
2018-03-27,EWR,HA,FL000000086,20:35:00,22:21:00,106,23:10:00,03:08:00,238,0,0,47,29,176,70,36,5.707,54,90.98
2018-03-28,EWR,UA,FL000000087,20:46:00,20:39:00,-7,23:21:00,03:29:00,248,0,0,24,17,332,90,47,6.814,34,17.55
2018-03-29,MCO,HA,FL000000088,20:57:00,21:45:00,48,23:32:00,02:57:00,205,0,0,27,29,135,190,115,9.197,120,36.87
2018-03-30,LAX,G4,FL000000089,21:08:00,21:33:00,25,23:43:00,01:09:00,86,0,0,47,12,297,90,59,4.096,18,22.2
2018-03-31,LAX,UA,FL000000090,21:19:00,21:43:00,24,23:54:00,02:18:00,144,0,0,30,4,143,130,90,5.366,100,15.89
2018-04-01,BWI,AS,FL000000091,21:30:00,21:21:00,-9,00:05:00,04:20:00,255,0,0,22,24,293,190,153,6.993,110,75.39
2018-04-02,JFK,AA,FL000000092,21:41:00,00:48:00,187,00:16:00,01:07:00,51,0,0,49,16,151,240,168,8.048,60,14.09
2018-04-03,DTW,HA,FL000000093,21:52:00,22:59:00,67,00:27:00,04:28:00,241,0,0,9,8,54,90,79,0.239,7,36.74
2018-04-04,ORD,WN,FL000000094,22:03:00,00:53:00,170,00:38:00,04:41:00,243,0,0,29,23,247,190,103,4.531,61,89.02
2018-04-05,CLT,AA,FL000000095,22:14:00,01:58:00,224,00:49:00,02:51:00,122,0,0,9,6,270,150,106,3.027,113,44.62
2018-04-06,IAH,AA,FL000000096,22:25:00,23:37:00,72,06:00:00,09:15:00,195,0,0,27,19,279,220,134,10.156,89,43.68
2018-04-07,DTW,G4,FL000000097,22:36:00,01:15:00,159,06:11:00,08:42:00,151,0,0,8,18,218,300,147,4.293,70,55.56
2018-04-08,FLL,F9,FL000000098,22:47:00,00:02:00,75,06:22:00,09:58:00,216,0,0,49,30,119,110,107,8.37,112,55.03
2018-04-09,BWI,AA,FL000000099,22:58:00,00:01:00,63,06:33:00,08:51:00,138,0,0,34,5,390,260,144,10.097,76,59.45
2018-04-10,LAS,G4,FL000000100,23:09:00,23:30:00,21,06:44:00,06:35:00,-9,0,0,42,20,194,300,197,4.119,71,94.33
2018-04-11,FLL,NK,FL000000101,23:20:00,02:51:00,211,06:55:00,07:12:00,17,0,0,31,15,280,50,41,4.167,29,24.92
2018-04-12,BOS,G4,FL000000102,23:31:00,00:42:00,71,07:06:00,11:49:00,283,0,0,51,18,86,90,72,0.198,24,63.84
2018-04-13,DEN,NK,FL000000103,23:42:00,02:17:00,155,07:17:00,09:21:00,124,0,0,35,14,313,160,95,8.449,80,94.82
2018-04-14,DTW,AA,FL000000104,23:53:00,02:22:00,149,07:28:00,07:41:00,13,0,0,60,3,333,150,96,0.392,12,95.14
2018-04-15,SEA,NK,FL000000105,05:04:00,06:09:00,65,07:39:00,10:41:00,182,0,0,28,17,372,190,154,9.906,69,88.41
2018-04-16,ATL,F9,FL000000106,05:15:00,06:59:00,104,07:50:00,10:09:00,139,0,0,38,19,28,240,200,7.731,7,58.14
2018-04-17,LAX,AA,FL000000107,05:26:00,08:43:00,197,08:01:00,12:29:00,268,0,0,24,18,153,110,84,11.739,88,33.91
2018-04-18,FLL,DL,FL000000108,05:37:00,07:26:00,109,08:12:00,11:51:00,219,0,0,28,11,354,150,73,6.171,25,77.36
2018-04-19,FLL,F9,FL000000109,05:48:00,07:32:00,104,08:23:00,09:31:00,68,0,0,43,24,162,260,246,11.625,79,17.11
2018-04-20,JFK,DL,FL000000110,05:59:00,09:55:00,236,08:34:00,12:23:00,229,0,0,11,8,364,150,110,9.662,33,97.65
2018-04-21,MSP,HA,FL000000111,06:10:00,09:08:00,178,08:45:00,12:07:00,202,0,0,27,26,146,300,189,9.54,31,90.14
2018-04-22,SEA,HA,FL000000112,06:21:00,09:39:00,198,08:56:00,09:32:00,36,0,0,48,22,252,50,44,6.593,84,49.99
2018-04-23,SEA,WN,FL000000113,06:32:00,09:06:00,154,09:07:00,12:33:00,206,0,0,42,3,35,260,123,3.045,79,12.58
2018-04-24,ATL,WN,FL000000114,06:43:00,10:37:00,234,09:18:00,11:33:00,135,0,0,46,18,163,76,60,1.976,43,77.55
2018-04-25,CLT,AS,FL000000115,06:54:00,08:53:00,119,09:29:00,12:15:00,166,0,0,15,26,130,160,126,7.866,6,78.6
2018-04-26,LGA,UA,FL000000116,07:05:00,10:30:00,205,09:40:00,10:44:00,64,0,0,8,25,268,70,56,0.803,42,47.16
2018-04-27,SEA,AS,FL000000117,07:16:00,07:47:00,31,09:51:00,14:29:00,278,0,0,39,17,389,76,54,8.404,89,50.3
2018-04-28,SFO,WN,FL000000118,07:27:00,09:39:00,132,10:02:00,11:13:00,71,0,0,34,13,321,300,231,2.865,77,26.8
2018-04-29,MCO,WN,FL000000119,07:38:00,09:37:00,119,10:13:00,10:43:00,30,0,0,36,5,348,130,87,11.706,46,41.43
2018-04-30,CLT,UA,FL000000120,07:49:00,11:27:00,218,10:24:00,12:02:00,98,0,0,14,18,25,220,152,5.563,68,79.23
2018-05-01,CLT,AS,FL000000121,08:00:00,09:21:00,81,10:35:00,13:52:00,197,0,0,11,8,351,130,65,0.584,61,94.09
2018-05-02,LAX,F9,FL000000122,08:11:00,11:15:00,184,10:46:00,13:52:00,186,0,0,26,26,362,175,126,0.416,100,95.2
2018-05-03,DEN,WN,FL000000123,08:22:00,10:04:00,102,10:57:00,15:12:00,255,0,0,10,17,359,70,65,1.379,97,33.87
2018-05-04,DEN,F9,FL000000124,08:33:00,09:19:00,46,11:08:00,15:43:00,275,0,0,47,11,172,150,102,10.315,105,50.0
2018-05-05,MCO,UA,FL000000125,08:44:00,11:24:00,160,11:19:00,15:48:00,269,0,0,30,13,305,240,223,6.781,24,56.6
2018-05-06,PHX,NK,FL000000126,08:55:00,11:35:00,160,11:30:00,11:39:00,9,0,0,32,24,214,50,42,7.807,67,64.66
2018-05-07,FLL,DL,FL000000127,09:06:00,10:46:00,100,11:41:00,15:16:00,215,0,0,41,15,129,160,84,4.639,41,24.47
2018-05-08,EWR,UA,FL000000128,09:17:00,10:49:00,92,11:52:00,16:23:00,271,0,0,41,25,183,175,106,3.232,35,90.94
2018-05-09,BWI,B6,FL000000129,09:28:00,12:54:00,206,12:03:00,14:46:00,163,0,0,20,29,379,160,105,1.057,119,18.0
2018-05-10,BOS,WN,FL000000130,09:39:00,10:02:00,23,12:14:00,15:33:00,199,0,0,6,10,353,50,26,1.477,68,75.92
2018-05-11,LAX,UA,FL000000131,09:50:00,10:06:00,16,12:25:00,14:13:00,108,0,0,44,17,379,175,113,2.73,66,53.31
2018-05-12,DTW,HA,FL000000132,10:01:00,13:41:00,220,12:36:00,15:17:00,161,0,0,40,14,367,90,50,0.491,47,59.34
2018-05-13,DFW,HA,FL000000133,10:12:00,12:14:00,122,12:47:00,16:09:00,202,0,0,33,26,237,70,48,9.895,77,36.71
2018-05-14,MCO,NK,FL000000134,10:23:00,13:28:00,185,12:58:00,14:32:00,94,0,0,14,29,84,76,41,6.277,54,34.23
2018-05-15,LAS,DL,FL000000135,10:34:00,10:37:00,3,13:09:00,17:33:00,264,0,0,51,26,352,220,146,1.971,111,64.67
2018-05-16,LGA,AS,FL000000136,10:45:00,14:05:00,200,13:20:00,17:41:00,261,0,0,5,15,216,70,48,6.419,36,13.34
2018-05-17,BOS,AA,FL000000137,10:56:00,12:42:00,106,13:31:00,16:31:00,180,0,0,23,26,285,76,72,5.066,69,78.12
2018-05-18,FLL,AS,FL000000138,11:07:00,14:27:00,200,13:42:00,18:34:00,292,0,0,38,25,286,130,100,2.264,44,65.98
2018-05-19,FLL,G4,FL000000139,11:18:00,11:23:00,5,13:53:00,16:00:00,127,0,1,39,14,216,50,30,11.275,111,55.86
2018-05-20,LAS,WN,FL000000140,11:29:00,11:57:00,28,14:04:00,16:24:00,140,0,0,58,8,172,150,89,1.381,48,24.15
2018-05-21,LAX,DL,FL000000141,11:40:00,14:33:00,173,14:15:00,17:30:00,195,0,0,29,26,388,76,55,9.581,116,86.02
2018-05-22,PHX,F9,FL000000142,11:51:00,13:17:00,86,14:26:00,16:07:00,101,0,0,35,7,343,240,176,3.23,40,38.02
2018-05-23,JFK,B6,FL000000143,12:02:00,11:55:00,-7,14:37:00,16:43:00,126,0,0,50,25,46,70,45,3.463,108,53.09
2018-05-24,LAS,WN,FL000000144,12:13:00,12:16:00,3,14:48:00,19:41:00,293,0,0,17,8,286,70,67,2.022,117,37.47
2018-05-25,CLT,B6,FL000000145,12:24:00,13:44:00,80,14:59:00,15:26:00,27,0,0,12,19,111,190,104,1.354,18,90.34
2018-05-26,LAX,WN,FL000000146,12:35:00,14:51:00,136,15:10:00,15:33:00,23,0,0,58,30,129,130,92,3.74,79,16.76
2018-05-27,ORD,HA,FL000000147,12:46:00,14:09:00,83,15:21:00,19:46:00,265,0,0,10,6,120,260,203,4.254,98,46.05
2018-05-28,MCO,G4,FL000000148,12:57:00,14:46:00,109,15:32:00,19:02:00,210,0,0,44,22,274,190,103,0.966,107,89.46
2018-05-29,ATL,AS,FL000000149,13:08:00,16:49:00,221,15:43:00,19:41:00,238,0,0,9,7,234,190,128,0.363,118,55.63
2018-05-30,PHX,G4,FL000000150,13:19:00,16:03:00,164,15:54:00,19:18:00,204,0,0,45,9,162,50,31,2.021,6,10.83
2018-05-31,SFO,AS,FL000000151,13:30:00,14:47:00,77,16:05:00,17:17:00,72,0,0,35,14,355,70,40,8.871,57,35.57
2018-06-01,MCO,AA,FL000000152,13:41:00,17:10:00,209,16:16:00,16:10:00,-6,0,0,52,23,372,190,86,4.726,85,23.84
2018-06-02,MCO,B6,FL000000153,13:52:00,17:16:00,204,16:27:00,20:18:00,231,0,0,40,27,145,110,67,9.858,5,46.32
2018-06-03,LGA,UA,FL000000154,14:03:00,15:44:00,101,16:38:00,17:03:00,25,0,0,27,25,117,220,207,7.931,77,26.54
2018-06-04,SFO,HA,FL000000155,14:14:00,14:51:00,37,16:49:00,20:28:00,219,0,0,31,11,364,50,36,3.502,34,14.66
2018-06-05,CLT,UA,FL000000156,14:25:00,16:13:00,108,17:00:00,18:16:00,76,0,0,32,8,39,260,243,0.877,37,32.65
2018-06-06,MCO,DL,FL000000157,14:36:00,15:47:00,71,17:11:00,18:45:00,94,0,0,53,18,145,76,44,6.372,42,72.52
2018-06-07,BWI,UA,FL000000158,14:47:00,16:11:00,84,17:22:00,18:42:00,80,0,0,30,7,307,130,61,11.55,117,21.15
2018-06-08,SEA,B6,FL000000159,14:58:00,17:39:00,161,17:33:00,21:29:00,236,0,0,48,18,109,260,212,5.504,30,32.23
2018-06-09,SEA,WN,FL000000160,15:09:00,16:39:00,90,17:44:00,18:34:00,50,0,0,8,7,332,260,139,9.61,107,92.22
2018-06-10,MSP,F9,FL000000161,15:20:00,18:34:00,194,17:55:00,19:34:00,99,0,0,14,23,222,110,68,8.735,44,41.86
2018-06-11,EWR,UA,FL000000162,15:31:00,18:24:00,173,18:06:00,19:12:00,66,0,0,22,9,241,130,113,4.526,22,81.98
2018-06-12,LAX,UA,FL000000163,15:42:00,16:27:00,45,18:17:00,18:51:00,34,0,0,34,15,386,70,65,8.037,67,55.92
2018-06-13,DTW,NK,FL000000164,15:53:00,18:00:00,127,18:28:00,20:24:00,116,0,0,43,20,195,175,102,4.302,95,53.57
2018-06-14,IAH,DL,FL000000165,16:04:00,19:56:00,232,18:39:00,22:57:00,258,0,0,7,30,126,240,118,7.636,72,42.56
2018-06-15,LGA,G4,FL000000166,16:15:00,19:10:00,175,18:50:00,20:08:00,78,0,0,31,16,35,130,73,5.466,7,70.98
2018-06-16,BOS,AS,FL000000167,16:26:00,17:33:00,67,19:01:00,23:30:00,269,0,0,51,26,73,190,166,11.497,84,39.43
2018-06-17,ORD,UA,FL000000168,16:37:00,18:52:00,135,19:12:00,21:35:00,143,0,0,13,20,228,260,120,2.305,58,10.79
2018-06-18,ATL,UA,FL000000169,16:48:00,19:07:00,139,19:23:00,22:06:00,163,0,0,37,5,109,50,42,7.648,36,36.52
2018-06-19,SFO,UA,FL000000170,16:59:00,20:30:00,211,19:34:00,22:26:00,172,0,0,18,15,374,300,145,7.067,25,15.46
2018-06-20,BOS,WN,FL000000171,17:10:00,18:41:00,91,19:45:00,19:47:00,2,0,0,12,26,253,240,227,3.18,18,32.78
2018-06-21,FLL,F9,FL000000172,17:21:00,17:45:00,24,19:56:00,19:45:00,-11,0,0,30,25,251,190,185,11.903,4,86.85
2018-06-22,FLL,HA,FL000000173,17:32:00,21:21:00,229,20:07:00,22:22:00,135,0,0,52,22,124,90,49,5.124,67,75.82
2018-06-23,JFK,G4,FL000000174,17:43:00,21:12:00,209,20:18:00,20:31:00,13,0,0,41,15,174,160,99,7.688,69,61.75
2018-06-24,PHX,F9,FL000000175,17:54:00,20:16:00,142,20:29:00,00:38:00,249,0,0,30,19,368,220,205,8.823,38,56.88
2018-06-25,BWI,AA,FL000000176,18:05:00,20:26:00,141,20:40:00,01:05:00,265,0,0,15,23,40,260,185,5.76,8,26.39
2018-06-26,CLT,HA,FL000000177,18:16:00,20:00:00,104,20:51:00,00:51:00,240,0,0,50,19,171,220,166,4.165,40,82.52
2018-06-27,LAS,AA,FL000000178,18:27:00,21:15:00,168,21:02:00,00:31:00,209,0,0,19,14,194,300,187,1.4,1,87.97
2018-06-28,ATL,AA,FL000000179,18:38:00,22:33:00,235,21:13:00,21:58:00,45,0,0,48,10,103,220,128,1.615,6,73.55
2018-06-29,SEA,UA,FL000000180,18:49:00,20:20:00,91,21:24:00,00:37:00,193,0,0,49,7,37,190,184,9.025,85,39.81
2018-06-30,LAX,WN,FL000000181,19:00:00,20:51:00,111,21:35:00,00:12:00,157,0,0,15,10,189,90,59,7.762,53,49.59
2018-07-01,LGA,G4,FL000000182,19:11:00,19:20:00,9,21:46:00,22:28:00,42,0,0,19,21,37,50,36,9.188,40,13.83
2018-07-02,DFW,AA,FL000000183,19:22:00,20:18:00,56,21:57:00,22:37:00,40,0,0,60,18,162,190,126,9.663,74,83.28
2018-07-03,ATL,WN,FL000000184,19:33:00,19:32:00,-1,22:08:00,01:15:00,187,0,0,50,26,288,50,35,4.256,86,80.82
2018-07-04,MCO,WN,FL000000185,19:44:00,21:35:00,111,22:19:00,23:55:00,96,0,0,28,26,220,70,58,5.827,87,84.56
2018-07-05,JFK,WN,FL000000186,19:55:00,23:25:00,210,22:30:00,22:48:00,18,0,0,12,9,200,50,25,3.143,80,80.73
2018-07-06,EWR,B6,FL000000187,20:06:00,22:17:00,131,22:41:00,01:09:00,148,0,0,9,17,287,190,136,10.644,16,44.53
2018-07-07,DFW,DL,FL000000188,20:17:00,22:47:00,150,22:52:00,02:52:00,240,0,0,41,5,321,160,129,4.488,86,73.81
2018-07-08,MSP,HA,FL000000189,20:28:00,22:16:00,108,23:03:00,00:08:00,65,0,0,10,16,243,260,155,3.82,25,21.74
2018-07-09,BOS,AA,FL000000190,20:39:00,23:19:00,160,23:14:00,02:45:00,211,0,0,33,16,318,50,39,2.241,98,94.06
2018-07-10,ATL,AA,FL000000191,20:50:00,23:50:00,180,23:25:00,04:00:00,275,0,0,14,3,239,240,183,8.456,50,54.66
2018-07-11,DEN,AA,FL000000192,21:01:00,21:09:00,8,23:36:00,04:32:00,296,0,0,39,5,147,70,37,7.258,0,82.43
2018-07-12,DEN,WN,FL000000193,21:12:00,22:13:00,61,23:47:00,04:08:00,261,0,0,43,19,292,300,212,5.27,71,27.06
2018-07-13,PHX,AS,FL000000194,21:23:00,22:51:00,88,23:58:00,00:10:00,12,0,0,34,21,196,240,116,11.91,113,91.95
2018-07-14,LAS,UA,FL000000195,21:34:00,22:57:00,83,00:09:00,02:46:00,157,0,0,6,29,61,50,40,8.998,96,38.5
2018-07-15,PHX,B6,FL000000196,21:45:00,21:58:00,13,00:20:00,04:50:00,270,0,0,41,24,109,160,124,5.381,84,50.65
2018-07-16,JFK,AS,FL000000197,21:56:00,00:45:00,169,00:31:00,00:30:00,-1,0,0,39,12,136,260,168,11.813,85,27.48
2018-07-17,DEN,F9,FL000000198,22:07:00,22:28:00,21,00:42:00,05:10:00,268,0,0,38,13,255,150,118,4.813,24,13.09
2018-07-18,IAH,WN,FL000000199,22:18:00,00:39:00,141,00:53:00,03:10:00,137,0,0,41,25,175,190,104,5.118,27,12.16
2018-07-19,MCO,DL,FL000000200,22:29:00,22:31:00,2,06:04:00,09:23:00,199,0,0,45,7,80,240,150,2.161,44,31.05
2018-07-20,PHX,B6,FL000000201,22:40:00,00:39:00,119,06:15:00,07:28:00,73,0,0,32,29,86,175,118,5.787,90,33.02
2018-07-21,JFK,NK,FL000000202,22:51:00,02:03:00,192,06:26:00,06:32:00,6,0,0,53,27,57,150,117,4.366,97,56.03
2018-07-22,SFO,AA,FL000000203,23:02:00,02:43:00,221,06:37:00,10:28:00,231,0,0,37,17,29,50,48,6.874,104,77.32
2018-07-23,SEA,UA,FL000000204,23:13:00,02:33:00,200,06:48:00,10:44:00,236,0,0,29,11,337,300,168,7.724,47,27.07
2018-07-24,LAS,NK,FL000000205,23:24:00,00:07:00,43,06:59:00,08:40:00,101,0,0,49,22,222,130,85,4.363,16,58.68
2018-07-25,MSP,WN,FL000000206,23:35:00,00:20:00,45,07:10:00,09:04:00,114,0,0,13,20,242,240,113,1.534,114,32.79
2018-07-26,LAX,WN,FL000000207,23:46:00,00:32:00,46,07:21:00,11:21:00,240,0,0,60,22,200,300,162,2.024,78,97.71
2018-07-27,SEA,G4,FL000000208,23:57:00,02:43:00,166,07:32:00,10:47:00,195,0,0,26,28,364,300,239,7.477,72,68.87
2018-07-28,FLL,G4,FL000000209,05:08:00,05:32:00,24,07:43:00,12:18:00,275,0,0,47,12,73,190,162,4.192,109,18.93
2018-07-29,LAS,WN,FL000000210,05:19:00,08:52:00,213,07:54:00,09:36:00,102,0,0,51,3,388,90,63,1.499,108,77.49
2018-07-30,MSP,DL,FL000000211,05:30:00,08:13:00,163,08:05:00,09:29:00,84,0,0,15,26,202,130,83,2.318,15,33.96
2018-07-31,IAH,WN,FL000000212,05:41:00,08:04:00,143,08:16:00,11:26:00,190,1,0,11,12,280,90,85,11.822,96,88.18
2018-08-01,BOS,G4,FL000000213,05:52:00,08:15:00,143,08:27:00,11:15:00,168,0,0,12,28,371,300,195,0.872,89,24.86
2018-08-02,SEA,UA,FL000000214,06:03:00,07:52:00,109,08:38:00,12:55:00,257,0,0,11,15,52,90,82,8.79,120,54.39
2018-08-03,BOS,HA,FL000000215,06:14:00,08:13:00,119,08:49:00,11:51:00,182,0,0,60,3,283,70,51,5.697,42,48.08
2018-08-04,DFW,NK,FL000000216,06:25:00,08:07:00,102,09:00:00,12:46:00,226,0,0,55,13,302,190,165,9.508,56,59.17
2018-08-05,MCO,AS,FL000000217,06:36:00,07:47:00,71,09:11:00,13:37:00,266,0,0,48,25,253,110,86,5.991,94,89.35
2018-08-06,CLT,AA,FL000000218,06:47:00,06:56:00,9,09:22:00,12:04:00,162,0,0,10,22,87,260,146,2.023,81,55.52
2018-08-07,FLL,UA,FL000000219,06:58:00,07:56:00,58,09:33:00,13:30:00,237,0,0,48,25,79,190,139,7.225,15,76.2
2018-08-08,DTW,WN,FL000000220,07:09:00,08:34:00,85,09:44:00,13:50:00,246,0,0,37,9,156,50,49,8.441,43,16.06
2018-08-09,ORD,UA,FL000000221,07:20:00,07:44:00,24,09:55:00,10:24:00,29,0,0,9,21,139,90,67,0.651,21,16.92
2018-08-10,PHX,G4,FL000000222,07:31:00,11:13:00,222,10:06:00,11:56:00,110,0,0,21,24,140,90,53,5.632,34,76.25
2018-08-11,SFO,UA,FL000000223,07:42:00,10:47:00,185,10:17:00,15:13:00,296,0,0,7,10,363,150,103,8.478,97,21.7
2018-08-12,CLT,B6,FL000000224,07:53:00,11:29:00,216,10:28:00,10:34:00,6,1,0,14,26,197,50,35,6.766,50,62.84
2018-08-13,MSP,B6,FL000000225,08:04:00,12:00:00,236,10:39:00,10:48:00,9,0,0,9,14,279,300,146,5.712,106,48.92
2018-08-14,ATL,HA,FL000000226,08:15:00,08:51:00,36,10:50:00,13:14:00,144,0,0,22,9,199,300,249,9.764,97,56.78
2018-08-15,DFW,HA,FL000000227,08:26:00,12:11:00,225,11:01:00,13:20:00,139,0,0,9,13,61,130,117,7.666,42,65.46
2018-08-16,ORD,G4,FL000000228,08:37:00,10:55:00,138,11:12:00,13:23:00,131,0,0,36,5,186,175,128,3.076,66,41.5
2018-08-17,BWI,B6,FL000000229,08:48:00,10:22:00,94,11:23:00,15:49:00,266,0,0,45,5,365,130,64,0.592,119,23.02
2018-08-18,FLL,NK,FL000000230,08:59:00,11:51:00,172,11:34:00,13:59:00,145,0,0,8,21,267,110,51,2.898,23,19.61
2018-08-19,MSP,WN,FL000000231,09:10:00,10:39:00,89,11:45:00,15:00:00,195,0,0,44,15,36,70,47,7.157,22,14.83
2018-08-20,JFK,G4,FL000000232,09:21:00,09:33:00,12,11:56:00,12:32:00,36,0,0,18,5,219,220,168,7.804,63,52.05
2018-08-21,LAS,NK,FL000000233,09:32:00,10:03:00,31,12:07:00,13:18:00,71,0,0,55,22,150,220,146,3.032,25,67.07
2018-08-22,LGA,G4,FL000000234,09:43:00,12:45:00,182,12:18:00,16:27:00,249,0,0,39,3,286,130,62,4.902,79,62.5
2018-08-23,JFK,AS,FL000000235,09:54:00,11:08:00,74,12:29:00,16:11:00,222,0,0,21,18,216,90,82,0.401,51,40.31
2018-08-24,BOS,F9,FL000000236,10:05:00,13:48:00,223,12:40:00,17:01:00,261,0,0,8,15,27,70,40,6.131,95,36.98
2018-08-25,JFK,F9,FL000000237,10:16:00,13:51:00,215,12:51:00,17:04:00,253,0,0,24,10,275,110,56,9.649,83,71.39
2018-08-26,DTW,DL,FL000000238,10:27:00,12:39:00,132,13:02:00,15:48:00,166,0,0,53,13,229,50,26,5.082,35,30.92
2018-08-27,SEA,F9,FL000000239,10:38:00,10:55:00,17,13:13:00,14:19:00,66,0,0,21,28,120,70,48,8.481,27,33.43
2018-08-28,DTW,HA,FL000000240,10:49:00,11:59:00,70,13:24:00,15:26:00,122,0,0,21,20,175,190,113,3.529,12,40.45
2018-08-29,LAS,G4,FL000000241,11:00:00,11:52:00,52,13:35:00,14:21:00,46,0,0,6,9,343,240,152,3.008,105,33.77
2018-08-30,JFK,HA,FL000000242,11:11:00,14:07:00,176,13:46:00,16:49:00,183,0,0,5,13,289,240,159,8.392,71,16.9
2018-08-31,EWR,G4,FL000000243,11:22:00,14:31:00,189,13:57:00,14:11:00,14,0,0,52,22,54,240,200,3.884,7,30.17
2018-09-01,SFO,HA,FL000000244,11:33:00,15:12:00,219,14:08:00,15:24:00,76,0,0,37,19,340,76,55,9.912,20,59.08
2018-09-02,SFO,HA,FL000000245,11:44:00,14:34:00,170,14:19:00,15:00:00,41,0,0,33,30,315,220,140,2.77,24,21.28
2018-09-03,FLL,F9,FL000000246,11:55:00,15:51:00,236,14:30:00,16:31:00,121,0,0,31,26,36,110,59,9.633,92,61.45
2018-09-04,LAX,UA,FL000000247,12:06:00,15:49:00,223,14:41:00,15:54:00,73,0,0,18,16,358,240,209,4.728,65,71.38
2018-09-05,FLL,F9,FL000000248,12:17:00,15:39:00,202,14:52:00,18:05:00,193,0,0,20,16,238,90,80,9.267,101,70.88
2018-09-06,LAX,F9,FL000000249,12:28:00,12:45:00,17,15:03:00,19:35:00,272,0,0,59,10,300,110,54,9.255,110,81.0
2018-09-07,LAS,UA,FL000000250,12:39:00,15:01:00,142,15:14:00,17:08:00,114,0,0,18,14,370,110,77,10.164,18,22.55
2018-09-08,EWR,DL,FL000000251,12:50:00,13:46:00,56,15:25:00,19:35:00,250,0,0,38,30,364,160,138,4.806,42,38.13
2018-09-09,DTW,WN,FL000000252,13:01:00,13:01:00,0,15:36:00,17:08:00,92,0,0,42,28,191,190,114,1.39,119,90.51
2018-09-10,MSP,UA,FL000000253,13:12:00,14:17:00,65,15:47:00,16:07:00,20,0,0,46,13,267,90,44,0.015,12,64.87
2018-09-11,DTW,AS,FL000000254,13:23:00,13:34:00,11,15:58:00,16:29:00,31,0,0,31,27,220,90,51,1.125,28,87.06
2018-09-12,IAH,B6,FL000000255,13:34:00,14:47:00,73,16:09:00,16:48:00,39,0,0,27,23,352,70,35,10.622,86,45.7
2018-09-13,PHX,B6,FL000000256,13:45:00,17:05:00,200,16:20:00,16:12:00,-8,0,0,20,27,82,90,61,4.498,51,58.98
2018-09-14,EWR,B6,FL000000257,13:56:00,13:50:00,-6,16:31:00,20:41:00,250,0,0,16,18,170,76,57,5.971,9,50.83
2018-09-15,IAH,AS,FL000000258,14:07:00,14:20:00,13,16:42:00,17:09:00,27,0,0,14,20,326,70,36,2.002,31,20.23
2018-09-16,MCO,F9,FL000000259,14:18:00,15:07:00,49,16:53:00,20:53:00,240,0,0,17,23,364,76,69,1.246,19,21.12
2018-09-17,LAX,DL,FL000000260,14:29:00,18:19:00,230,17:04:00,18:17:00,73,0,0,5,25,279,50,43,3.661,14,93.44
2018-09-18,PHX,B6,FL000000261,14:40:00,14:38:00,-2,17:15:00,20:38:00,203,0,0,53,21,115,90,54,2.695,26,97.5
2018-09-19,PHX,NK,FL000000262,14:51:00,14:50:00,-1,17:26:00,19:19:00,113,0,0,58,19,365,150,84,4.143,88,85.18
2018-09-20,CLT,F9,FL000000263,15:02:00,15:08:00,6,17:37:00,21:37:00,240,0,0,10,14,109,220,187,9.91,17,39.56
2018-09-21,FLL,B6,FL000000264,15:13:00,15:14:00,1,17:48:00,21:36:00,228,0,0,41,3,104,160,138,2.197,78,73.87
2018-09-22,ATL,NK,FL000000265,15:24:00,18:13:00,169,17:59:00,18:58:00,59,0,0,22,11,103,50,42,2.875,111,56.42
2018-09-23,FLL,B6,FL000000266,15:35:00,16:04:00,29,18:10:00,21:39:00,209,0,0,9,3,355,90,68,2.021,96,16.47
2018-09-24,CLT,B6,FL000000267,15:46:00,19:04:00,198,18:21:00,22:26:00,245,0,0,40,10,69,220,171,2.778,107,60.91
2018-09-25,LGA,B6,FL000000268,15:57:00,16:01:00,4,18:32:00,22:36:00,244,0,0,41,7,128,240,126,11.189,10,51.17
2018-09-26,SFO,UA,FL000000269,16:08:00,19:34:00,206,18:43:00,18:37:00,-6,0,0,22,21,323,70,51,2.167,11,50.85
2018-09-27,LAS,DL,FL000000270,16:19:00,18:10:00,111,18:54:00,23:21:00,267,0,0,52,19,287,240,115,6.864,58,42.52
2018-09-28,DTW,AA,FL000000271,16:30:00,17:35:00,65,19:05:00,21:49:00,164,0,0,45,3,52,160,110,2.015,25,59.95
2018-09-29,PHX,F9,FL000000272,16:41:00,17:46:00,65,19:16:00,23:58:00,282,0,0,39,14,298,160,139,11.675,88,37.84
2018-09-30,LGA,UA,FL000000273,16:52:00,18:14:00,82,19:27:00,22:05:00,158,0,0,39,10,145,90,82,0.491,2,28.57
2018-10-01,DEN,DL,FL000000274,17:03:00,19:53:00,170,19:38:00,22:22:00,164,0,0,45,6,195,240,179,1.253,17,32.42
2018-10-02,DTW,HA,FL000000275,17:14:00,20:43:00,209,19:49:00,23:41:00,232,0,0,11,23,223,175,163,2.088,35,78.79
2018-10-03,DTW,AS,FL000000276,17:25:00,20:04:00,159,20:00:00,20:57:00,57,0,0,43,10,312,190,138,4.805,8,43.44
2018-10-04,DFW,AS,FL000000277,17:36:00,18:14:00,38,20:11:00,21:35:00,84,0,0,22,20,303,110,58,1.53,83,57.47
2018-10-05,DFW,DL,FL000000278,17:47:00,20:03:00,136,20:22:00,00:09:00,227,0,0,38,19,316,260,169,7.733,109,94.07
2018-10-06,LGA,UA,FL000000279,17:58:00,20:31:00,153,20:33:00,21:42:00,69,0,0,60,16,290,90,72,8.455,16,91.84
2018-10-07,JFK,WN,FL000000280,18:09:00,18:03:00,-6,20:44:00,23:55:00,191,0,0,23,13,359,70,53,8.429,92,77.66
2018-10-08,LGA,AA,FL000000281,18:20:00,20:27:00,127,20:55:00,21:49:00,54,0,0,37,29,189,190,133,5.003,75,95.22
2018-10-09,CLT,AS,FL000000282,18:31:00,19:16:00,45,21:06:00,00:48:00,222,0,0,34,22,251,160,81,7.651,10,22.26
2018-10-10,PHX,HA,FL000000283,18:42:00,19:29:00,47,21:17:00,22:05:00,48,0,0,53,10,235,160,144,9.058,63,44.44
2018-10-11,DTW,AS,FL000000284,18:53:00,20:26:00,93,21:28:00,00:25:00,177,0,0,29,5,171,150,69,3.543,111,35.4
2018-10-12,MCO,NK,FL000000285,19:04:00,19:32:00,28,21:39:00,02:15:00,276,0,0,46,7,325,76,51,10.715,89,74.96
2018-10-13,EWR,NK,FL000000286,19:15:00,22:04:00,169,21:50:00,01:42:00,232,0,0,20,25,260,190,111,9.0,96,97.34
2018-10-14,JFK,F9,FL000000287,19:26:00,19:37:00,11,22:01:00,22:11:00,10,0,0,53,10,321,70,38,9.721,73,37.22
2018-10-15,LAX,NK,FL000000288,19:37:00,21:09:00,92,22:12:00,03:06:00,294,0,0,43,30,305,220,123,2.473,96,71.93
2018-10-16,SEA,UA,FL000000289,19:48:00,21:25:00,97,22:23:00,00:19:00,116,0,0,13,27,158,300,185,8.356,107,52.23
2018-10-17,LAS,G4,FL000000290,19:59:00,23:55:00,236,22:34:00,00:27:00,113,0,0,24,17,225,130,76,11.631,91,92.07
2018-10-18,CLT,NK,FL000000291,20:10:00,00:08:00,238,22:45:00,23:27:00,42,0,0,31,30,127,76,50,8.219,31,68.8
2018-10-19,ATL,DL,FL000000292,20:21:00,21:50:00,89,22:56:00,00:59:00,123,0,0,49,12,235,260,205,3.352,101,53.51
2018-10-20,LGA,HA,FL000000293,20:32:00,21:03:00,31,23:07:00,02:04:00,177,0,0,16,14,337,240,211,10.55,33,11.2
2018-10-21,CLT,UA,FL000000294,20:43:00,20:47:00,4,23:18:00,00:54:00,96,0,0,41,30,334,76,65,0.504,58,34.47
2018-10-22,MCO,HA,FL000000295,20:54:00,23:00:00,126,23:29:00,03:14:00,225,0,0,7,24,138,175,132,6.427,120,23.59
2018-10-23,LGA,HA,FL000000296,21:05:00,23:57:00,172,23:40:00,23:53:00,13,0,0,33,20,57,150,117,6.902,2,17.48
2018-10-24,LAX,DL,FL000000297,21:16:00,00:43:00,207,23:51:00,03:18:00,207,0,0,21,29,28,130,117,1.433,108,16.56
2018-10-25,MSP,AA,FL000000298,21:27:00,01:04:00,217,00:02:00,02:01:00,119,0,0,5,21,137,220,156,0.171,64,74.78
2018-10-26,LGA,WN,FL000000299,21:38:00,00:09:00,151,00:13:00,00:55:00,42,0,0,22,10,189,175,126,11.839,14,48.83
2018-10-27,FLL,WN,FL000000300,21:49:00,01:17:00,208,00:24:00,04:47:00,263,0,0,23,19,183,190,171,11.25,44,63.87
2018-10-28,DFW,NK,FL000000301,22:00:00,01:15:00,195,00:35:00,03:12:00,157,0,0,5,10,107,50,29,11.489,5,76.32
2018-10-29,LAX,AS,FL000000302,22:11:00,23:28:00,77,00:46:00,03:25:00,159,0,0,17,24,150,240,140,9.037,33,36.85
2018-10-30,SEA,G4,FL000000303,22:22:00,01:29:00,187,00:57:00,04:52:00,235,0,0,5,17,366,90,71,8.878,30,69.71
2018-10-31,LAS,HA,FL000000304,22:33:00,01:47:00,194,06:08:00,06:12:00,4,0,0,25,24,188,130,101,8.925,38,58.78
2018-11-01,IAH,G4,FL000000305,22:44:00,22:56:00,12,06:19:00,09:57:00,218,0,0,51,23,159,260,236,8.734,111,88.55
2018-11-02,LAX,B6,FL000000306,22:55:00,02:38:00,223,06:30:00,09:34:00,184,0,0,24,23,31,90,63,9.88,113,80.99
2018-11-03,PHX,DL,FL000000307,23:06:00,01:12:00,126,06:41:00,10:32:00,231,0,0,35,7,271,130,109,7.88,34,94.68
2018-11-04,ORD,DL,FL000000308,23:17:00,23:07:00,-10,06:52:00,06:59:00,7,0,0,16,13,48,110,69,3.082,2,70.34
2018-11-05,EWR,AS,FL000000309,23:28:00,03:10:00,222,07:03:00,07:12:00,9,0,0,48,20,150,300,149,2.964,104,80.27
2018-11-06,LAS,G4,FL000000310,23:39:00,02:48:00,189,07:14:00,09:53:00,159,0,0,49,14,114,50,31,5.54,26,92.88
2018-11-07,CLT,G4,FL000000311,23:50:00,01:59:00,129,07:25:00,09:30:00,125,0,0,19,28,36,150,80,10.682,105,50.74
2018-11-08,BWI,HA,FL000000312,05:01:00,05:32:00,31,07:36:00,11:26:00,230,0,0,56,21,48,130,73,2.898,116,39.55
2018-11-09,MSP,WN,FL000000313,05:12:00,08:17:00,185,07:47:00,12:15:00,268,0,0,41,10,311,175,106,1.129,60,61.33
2018-11-10,EWR,DL,FL000000314,05:23:00,09:14:00,231,07:58:00,11:10:00,192,0,0,57,30,207,50,44,0.773,57,64.39
2018-11-11,CLT,F9,FL000000315,05:34:00,09:04:00,210,08:09:00,12:01:00,232,0,0,60,16,140,190,173,1.719,117,48.88
2018-11-12,MSP,DL,FL000000316,05:45:00,06:38:00,53,08:20:00,12:44:00,264,0,0,29,29,120,76,37,2.282,63,52.77
2018-11-13,BOS,AA,FL000000317,05:56:00,08:19:00,143,08:31:00,12:40:00,249,0,0,36,6,91,70,39,0.684,50,48.53
2018-11-14,LGA,F9,FL000000318,06:07:00,06:54:00,47,08:42:00,08:59:00,17,0,0,21,12,229,76,40,7.775,55,28.95
2018-11-15,DEN,NK,FL000000319,06:18:00,08:00:00,102,08:53:00,13:00:00,247,0,0,38,12,353,220,204,6.426,108,88.07
2018-11-16,IAH,WN,FL000000320,06:29:00,10:24:00,235,09:04:00,11:36:00,152,0,0,57,28,234,220,127,6.784,117,58.94
2018-11-17,BOS,DL,FL000000321,06:40:00,10:20:00,220,09:15:00,11:34:00,139,0,0,50,12,219,150,146,3.565,58,77.3
2018-11-18,BOS,B6,FL000000322,06:51:00,09:02:00,131,09:26:00,09:57:00,31,0,0,21,24,190,175,89,11.019,7,63.29
2018-11-19,ATL,UA,FL000000323,07:02:00,08:04:00,62,09:37:00,10:15:00,38,0,0,40,19,141,300,232,8.046,11,93.85
2018-11-20,MSP,DL,FL000000324,07:13:00,08:42:00,89,09:48:00,14:00:00,252,0,0,35,3,172,50,37,2.287,105,47.21
2018-11-21,DFW,F9,FL000000325,07:24:00,07:30:00,6,09:59:00,13:52:00,233,0,0,36,21,196,240,128,3.2,69,27.17
2018-11-22,DTW,AS,FL000000326,07:35:00,08:47:00,72,10:10:00,14:54:00,284,0,0,33,4,305,50,33,5.584,106,42.05
2018-11-23,CLT,HA,FL000000327,07:46:00,07:55:00,9,10:21:00,12:08:00,107,0,0,20,4,102,260,165,11.376,2,55.58
2018-11-24,BOS,WN,FL000000328,07:57:00,10:10:00,133,10:32:00,12:41:00,129,0,0,21,23,312,260,158,11.193,113,47.09
2018-11-25,SEA,G4,FL000000329,08:08:00,09:54:00,106,10:43:00,13:34:00,171,0,0,13,23,350,240,189,2.708,82,11.51
2018-11-26,ATL,F9,FL000000330,08:19:00,10:25:00,126,10:54:00,11:48:00,54,0,0,58,13,64,76,52,6.539,119,15.8
2018-11-27,FLL,NK,FL000000331,08:30:00,09:29:00,59,11:05:00,12:00:00,55,0,0,28,11,315,260,237,0.62,13,73.86
2018-11-28,MCO,AS,FL000000332,08:41:00,11:24:00,163,11:16:00,11:08:00,-8,0,0,54,6,347,110,83,8.034,99,44.41
2018-11-29,JFK,G4,FL000000333,08:52:00,08:44:00,-8,11:27:00,14:50:00,203,0,0,44,15,70,160,105,6.197,50,93.76
2018-11-30,BOS,WN,FL000000334,09:03:00,10:38:00,95,11:38:00,15:09:00,211,0,0,27,11,78,175,151,3.301,68,25.08
2018-12-01,MCO,AS,FL000000335,09:14:00,10:52:00,98,11:49:00,14:55:00,186,0,0,21,9,238,50,23,0.043,2,27.57
2018-12-02,MCO,G4,FL000000336,09:25:00,11:34:00,129,12:00:00,14:00:00,120,0,0,44,21,90,76,69,11.366,76,17.64
2018-12-03,DEN,UA,FL000000337,09:36:00,10:02:00,26,12:11:00,15:41:00,210,0,0,19,7,73,70,39,3.757,13,31.41
2018-12-04,BWI,UA,FL000000338,09:47:00,10:03:00,16,12:22:00,16:34:00,252,0,0,38,26,329,160,146,6.514,107,30.03
2018-12-05,PHX,F9,FL000000339,09:58:00,11:07:00,69,12:33:00,13:44:00,71,0,0,52,26,223,50,40,3.433,24,39.21
2018-12-06,EWR,WN,FL000000340,10:09:00,12:04:00,115,12:44:00,14:49:00,125,0,0,29,15,357,160,88,0.405,42,27.86
2018-12-07,MCO,HA,FL000000341,10:20:00,13:02:00,162,12:55:00,16:57:00,242,0,0,11,25,359,240,157,0.694,65,19.06
2018-12-08,FLL,WN,FL000000342,10:31:00,10:28:00,-3,13:06:00,15:51:00,165,0,0,60,9,341,240,194,8.342,51,48.19
2018-12-09,FLL,B6,FL000000343,10:42:00,14:06:00,204,13:17:00,16:48:00,211,0,0,6,4,179,70,51,6.914,81,22.11
2018-12-10,DEN,WN,FL000000344,10:53:00,10:46:00,-7,13:28:00,16:02:00,154,0,0,23,12,153,76,57,2.095,90,10.08
2018-12-11,ORD,NK,FL000000345,11:04:00,15:01:00,237,13:39:00,14:09:00,30,0,0,21,9,309,130,59,8.532,0,38.61
2018-12-12,DEN,DL,FL000000346,11:15:00,13:11:00,116,13:50:00,16:54:00,184,0,0,52,29,184,240,118,4.346,91,19.86
2018-12-13,DFW,AS,FL000000347,11:26:00,11:45:00,19,14:01:00,14:12:00,11,0,0,58,3,234,240,164,10.301,81,21.86
2018-12-14,SEA,DL,FL000000348,11:37:00,13:16:00,99,14:12:00,15:45:00,93,0,0,28,3,251,160,92,8.232,13,86.06
2018-12-15,CLT,G4,FL000000349,11:48:00,13:10:00,82,14:23:00,14:17:00,-6,0,0,13,14,38,160,112,2.963,26,42.28
2018-12-16,MCO,AA,FL000000350,11:59:00,14:03:00,124,14:34:00,15:27:00,53,0,0,16,15,307,160,75,2.647,65,46.23
2018-12-17,DEN,NK,FL000000351,12:10:00,14:10:00,120,14:45:00,18:47:00,242,0,0,59,12,180,50,26,7.881,6,22.48
2018-12-18,MCO,NK,FL000000352,12:21:00,14:21:00,120,14:56:00,16:33:00,97,0,0,50,25,188,240,194,7.961,3,66.1
2018-12-19,MCO,UA,FL000000353,12:32:00,13:15:00,43,15:07:00,15:53:00,46,0,0,13,8,387,240,217,11.283,64,35.24
2018-12-20,LGA,WN,FL000000354,12:43:00,12:50:00,7,15:18:00,16:00:00,42,0,0,14,21,154,175,165,7.918,67,81.98
2018-12-21,JFK,F9,FL000000355,12:54:00,14:50:00,116,15:29:00,16:11:00,42,0,0,41,24,190,175,171,11.762,119,43.58
2018-12-22,ORD,HA,FL000000356,13:05:00,14:53:00,108,15:40:00,19:25:00,225,0,1,7,5,180,110,101,6.18,68,89.76
2018-12-23,CLT,UA,FL000000357,13:16:00,15:12:00,116,15:51:00,17:59:00,128,0,0,11,6,119,240,151,8.983,40,57.76
2018-12-24,DFW,DL,FL000000358,13:27:00,14:20:00,53,16:02:00,17:39:00,97,0,0,40,16,66,70,35,6.392,72,84.87
2018-12-25,IAH,NK,FL000000359,13:38:00,15:17:00,99,16:13:00,16:25:00,12,0,0,46,9,140,175,164,6.153,53,88.77
2018-12-26,JFK,WN,FL000000360,13:49:00,16:18:00,149,16:24:00,16:38:00,14,0,0,44,23,54,90,47,7.763,101,29.94
2018-12-27,DFW,F9,FL000000361,14:00:00,17:00:00,180,16:35:00,17:07:00,32,0,0,40,29,260,190,184,8.493,82,69.84
2018-12-28,CLT,UA,FL000000362,14:11:00,18:01:00,230,16:46:00,17:13:00,27,0,0,48,16,282,50,26,0.893,101,76.73
2018-12-29,LAX,B6,FL000000363,14:22:00,17:01:00,159,16:57:00,20:05:00,188,0,0,47,16,97,240,216,8.047,6,55.6
2018-12-30,ORD,G4,FL000000364,14:33:00,17:29:00,176,17:08:00,17:36:00,28,0,0,42,15,161,260,237,9.953,14,50.44
2018-12-31,LGA,DL,FL000000365,14:44:00,16:27:00,103,17:19:00,18:06:00,47,0,0,39,23,149,110,66,2.232,84,66.8
2019-01-01,EWR,AS,FL000000366,14:55:00,18:38:00,223,17:30:00,20:25:00,175,0,0,43,6,91,190,133,5.948,24,53.79
2019-01-02,DTW,AS,FL000000367,15:06:00,15:51:00,45,17:41:00,20:26:00,165,0,0,50,8,239,90,80,6.372,38,80.91
2019-01-03,BWI,DL,FL000000368,15:17:00,18:12:00,175,17:52:00,19:53:00,121,0,0,13,29,301,260,156,11.307,50,49.47
2019-01-04,DEN,WN,FL000000369,15:28:00,18:58:00,210,18:03:00,18:01:00,-2,0,0,12,23,47,130,77,2.14,112,46.02
2019-01-05,CLT,AA,FL000000370,15:39:00,19:09:00,210,18:14:00,21:59:00,225,0,0,45,9,92,175,128,10.308,18,59.62
2019-01-06,EWR,AA,FL000000371,15:50:00,17:03:00,73,18:25:00,22:51:00,266,0,0,29,5,221,76,65,9.544,98,50.49
2019-01-07,BOS,AS,FL000000372,16:01:00,16:11:00,10,18:36:00,18:46:00,10,0,0,49,28,32,240,205,0.74,113,89.54
2019-01-08,DEN,WN,FL000000373,16:12:00,18:05:00,113,18:47:00,20:12:00,85,0,0,23,7,127,260,177,7.078,87,26.95
2019-01-09,LAS,NK,FL000000374,16:23:00,16:34:00,11,18:58:00,18:44:00,-14,0,0,56,27,57,90,67,11.107,39,81.8
2019-01-10,ORD,F9,FL000000375,16:34:00,19:46:00,192,19:09:00,19:10:00,1,0,0,7,7,322,50,29,9.046,35,84.59
2019-01-11,LAS,G4,FL000000376,16:45:00,16:38:00,-7,19:20:00,21:39:00,139,0,0,32,4,159,90,87,0.479,79,77.73
2019-01-12,IAH,B6,FL000000377,16:56:00,18:05:00,69,19:31:00,20:34:00,63,0,0,55,30,330,150,85,10.317,117,94.65
2019-01-13,CLT,AS,FL000000378,17:07:00,19:02:00,115,19:42:00,00:27:00,285,0,0,56,13,335,300,208,1.769,87,13.93
2019-01-14,MCO,HA,FL000000379,17:18:00,17:27:00,9,19:53:00,20:58:00,65,0,0,47,24,66,50,45,0.428,75,56.15
2019-01-15,ATL,NK,FL000000380,17:29:00,20:33:00,184,20:04:00,00:23:00,259,0,0,19,7,284,175,149,1.918,87,16.65
2019-01-16,MSP,F9,FL000000381,17:40:00,20:07:00,147,20:15:00,23:15:00,180,0,0,24,26,351,175,115,4.891,88,37.32
2019-01-17,IAH,AS,FL000000382,17:51:00,21:09:00,198,20:26:00,22:29:00,123,0,0,30,6,216,76,49,3.877,28,10.74
2019-01-18,FLL,DL,FL000000383,18:02:00,20:07:00,125,20:37:00,01:27:00,290,0,0,34,16,130,150,142,4.081,95,85.35
2019-01-19,PHX,B6,FL000000384,18:13:00,19:13:00,60,20:48:00,21:50:00,62,0,0,13,13,192,300,277,5.918,90,58.98
2019-01-20,DEN,AA,FL000000385,18:24:00,19:06:00,42,20:59:00,23:15:00,136,0,0,37,25,334,190,184,9.862,75,56.81
2019-01-21,SEA,DL,FL000000386,18:35:00,22:30:00,235,21:10:00,23:26:00,136,0,0,25,15,257,130,87,9.538,60,14.72
2019-01-22,MSP,B6,FL000000387,18:46:00,21:46:00,180,21:21:00,01:19:00,238,0,0,48,28,122,110,55,7.65,59,32.84
2019-01-23,DEN,G4,FL000000388,18:57:00,19:23:00,26,21:32:00,01:51:00,259,0,0,45,14,132,130,92,3.069,100,75.91
2019-01-24,LGA,UA,FL000000389,19:08:00,19:21:00,13,21:43:00,23:38:00,115,0,0,26,15,353,300,291,2.1,22,92.12
2019-01-25,IAH,F9,FL000000390,19:19:00,19:37:00,18,21:54:00,02:12:00,258,0,0,25,17,187,110,99,6.302,77,97.05
2019-01-26,BWI,HA,FL000000391,19:30:00,22:36:00,186,22:05:00,02:17:00,252,0,0,54,6,245,300,241,1.45,20,80.4
2019-01-27,BOS,AA,FL000000392,19:41:00,21:22:00,101,22:16:00,02:33:00,257,0,0,11,14,67,175,99,6.307,94,59.01
2019-01-28,DFW,AA,FL000000393,19:52:00,20:14:00,22,22:27:00,23:10:00,43,0,0,48,14,292,150,98,7.265,86,36.25
2019-01-29,DFW,AA,FL000000394,20:03:00,23:15:00,192,22:38:00,02:31:00,233,0,0,39,19,277,220,144,2.299,63,92.57
2019-01-30,MSP,DL,FL000000395,20:14:00,23:02:00,168,22:49:00,23:48:00,59,0,0,50,4,116,90,79,11.913,108,17.66
2019-01-31,BWI,AS,FL000000396,20:25:00,21:18:00,53,23:00:00,02:34:00,214,0,0,60,24,140,300,186,1.683,72,24.2
2019-02-01,LGA,F9,FL000000397,20:36:00,22:49:00,133,23:11:00,23:16:00,5,0,0,57,15,75,175,126,11.08,25,84.9
2019-02-02,EWR,DL,FL000000398,20:47:00,22:36:00,109,23:22:00,01:29:00,127,0,0,32,17,115,240,234,8.258,107,56.92
2019-02-03,SEA,WN,FL000000399,20:58:00,22:55:00,117,23:33:00,01:02:00,89,0,0,6,25,186,300,147,1.899,82,56.47
2019-02-04,SEA,B6,FL000000400,21:09:00,21:36:00,27,23:44:00,04:35:00,291,0,0,20,30,41,240,173,6.988,118,62.32
2019-02-05,ATL,WN,FL000000401,21:20:00,00:22:00,182,23:55:00,04:31:00,276,0,0,19,26,154,50,46,5.566,110,78.71
2019-02-06,LGA,UA,FL000000402,21:31:00,23:29:00,118,00:06:00,02:41:00,155,0,0,18,19,47,190,152,4.608,53,11.68
2019-02-07,SEA,DL,FL000000403,21:42:00,23:50:00,128,00:17:00,01:12:00,55,0,0,12,19,197,300,276,5.574,13,66.76
2019-02-08,CLT,F9,FL000000404,21:53:00,23:13:00,80,00:28:00,04:30:00,242,0,0,60,10,35,160,108,0.518,10,50.41
2019-02-09,FLL,B6,FL000000405,22:04:00,23:00:00,56,00:39:00,00:32:00,-7,1,0,17,16,106,175,121,8.413,103,43.55
2019-02-10,EWR,UA,FL000000406,22:15:00,01:17:00,182,00:50:00,03:49:00,179,0,0,60,27,75,300,171,4.241,48,11.28
2019-02-11,ORD,NK,FL000000407,22:26:00,00:07:00,101,06:01:00,08:01:00,120,0,0,23,10,242,150,126,7.046,69,47.99
2019-02-12,CLT,B6,FL000000408,22:37:00,02:12:00,215,06:12:00,09:44:00,212,0,0,47,22,81,110,75,1.17,35,79.25
2019-02-13,PHX,HA,FL000000409,22:48:00,01:09:00,141,06:23:00,07:18:00,55,0,0,57,23,273,160,133,2.811,61,69.14
2019-02-14,LGA,AA,FL000000410,22:59:00,01:44:00,165,06:34:00,09:10:00,156,0,0,31,29,30,260,185,5.488,91,69.58
2019-02-15,LAS,HA,FL000000411,23:10:00,23:38:00,28,06:45:00,11:28:00,283,0,0,31,30,192,70,55,10.206,71,92.1
2019-02-16,PHX,G4,FL000000412,23:21:00,02:28:00,187,06:56:00,09:37:00,161,0,0,23,23,108,240,206,4.322,71,41.84
2019-02-17,SFO,AA,FL000000413,23:32:00,23:33:00,1,07:07:00,11:28:00,261,0,0,23,21,128,70,56,8.1,10,35.63
2019-02-18,FLL,HA,FL000000414,23:43:00,01:04:00,81,07:18:00,09:41:00,143,0,0,15,30,302,150,75,7.689,55,86.81
2019-02-19,BOS,DL,FL000000415,23:54:00,00:58:00,64,07:29:00,12:05:00,276,0,0,21,9,140,220,130,0.54,3,48.46
2019-02-20,DFW,AA,FL000000416,05:05:00,08:42:00,217,07:40:00,11:52:00,252,0,0,18,9,121,150,107,2.165,66,94.86
2019-02-21,DEN,WN,FL000000417,05:16:00,06:48:00,92,07:51:00,11:38:00,227,0,0,48,12,52,90,51,11.607,37,95.39
2019-02-22,IAH,NK,FL000000418,05:27:00,06:15:00,48,08:02:00,12:21:00,259,0,0,33,6,163,260,226,11.396,56,39.91
2019-02-23,BOS,F9,FL000000419,05:38:00,07:40:00,122,08:13:00,09:32:00,79,0,0,55,26,242,260,123,3.605,85,64.18
2019-02-24,IAH,G4,FL000000420,05:49:00,09:28:00,219,08:24:00,09:02:00,38,0,0,49,30,349,220,147,7.374,65,60.24
2019-02-25,SEA,G4,FL000000421,06:00:00,07:32:00,92,08:35:00,09:27:00,52,0,0,49,25,162,190,139,7.629,78,23.32
2019-02-26,BWI,WN,FL000000422,06:11:00,09:14:00,183,08:46:00,13:11:00,265,0,0,55,23,303,130,87,9.714,74,82.93
2019-02-27,ATL,WN,FL000000423,06:22:00,09:11:00,169,08:57:00,11:13:00,136,0,0,11,23,162,130,113,3.486,88,55.91
2019-02-28,BOS,WN,FL000000424,06:33:00,07:56:00,83,09:08:00,10:59:00,111,0,0,24,7,44,110,98,11.326,24,60.58
2019-03-01,JFK,AS,FL000000425,06:44:00,09:03:00,139,09:19:00,12:25:00,186,0,0,60,12,130,110,59,3.843,32,48.73
2019-03-02,DFW,DL,FL000000426,06:55:00,08:13:00,78,09:30:00,13:41:00,251,0,0,21,24,65,76,67,6.468,21,12.95
2019-03-03,FLL,WN,FL000000427,07:06:00,10:19:00,193,09:41:00,14:18:00,277,0,0,42,3,129,50,39,10.58,24,53.17
2019-03-04,MCO,UA,FL000000428,07:17:00,10:19:00,182,09:52:00,14:20:00,268,0,0,35,30,355,50,33,7.774,100,55.96
2019-03-05,BWI,AA,FL000000429,07:28:00,08:10:00,42,10:03:00,10:24:00,21,0,0,29,27,165,130,81,7.805,91,97.73
2019-03-06,CLT,UA,FL000000430,07:39:00,09:09:00,90,10:14:00,11:17:00,63,0,0,39,4,191,160,90,0.808,74,22.77
2019-03-07,LAX,DL,FL000000431,07:50:00,10:07:00,137,10:25:00,10:58:00,33,0,0,17,22,273,300,282,10.985,58,72.28
2019-03-08,MCO,F9,FL000000432,08:01:00,07:55:00,-6,10:36:00,12:16:00,100,0,0,26,22,213,260,199,2.278,56,44.31
2019-03-09,LGA,AS,FL000000433,08:12:00,08:39:00,27,10:47:00,14:12:00,205,0,0,15,29,108,90,88,1.503,119,61.4
2019-03-10,SEA,G4,FL000000434,08:23:00,11:23:00,180,10:58:00,12:53:00,115,0,0,56,27,60,150,135,7.26,14,96.34
2019-03-11,DEN,WN,FL000000435,08:34:00,10:01:00,87,11:09:00,11:11:00,2,0,0,22,27,165,160,74,8.894,92,66.69
2019-03-12,LAS,G4,FL000000436,08:45:00,11:23:00,158,11:20:00,11:08:00,-12,0,0,8,18,90,220,194,1.921,87,55.25
2019-03-13,DEN,DL,FL000000437,08:56:00,10:41:00,105,11:31:00,14:40:00,189,0,0,50,8,346,90,81,7.958,65,75.24
2019-03-14,DEN,AA,FL000000438,09:07:00,11:12:00,125,11:42:00,12:06:00,24,0,0,23,13,325,220,209,1.511,67,88.54
2019-03-15,MSP,UA,FL000000439,09:18:00,12:51:00,213,11:53:00,16:43:00,290,0,0,20,6,33,130,90,7.406,74,18.81
2019-03-16,ATL,HA,FL000000440,09:29:00,11:52:00,143,12:04:00,14:26:00,142,0,0,23,25,358,175,111,7.725,114,15.39
2019-03-17,BWI,B6,FL000000441,09:40:00,13:33:00,233,12:15:00,13:39:00,84,0,0,51,5,95,130,105,0.984,4,19.88
2019-03-18,PHX,UA,FL000000442,09:51:00,11:47:00,116,12:26:00,14:37:00,131,0,0,25,24,295,240,202,9.432,8,28.17
2019-03-19,EWR,WN,FL000000443,10:02:00,13:01:00,179,12:37:00,17:03:00,266,0,0,26,24,348,70,48,5.992,43,43.02
2019-03-20,CLT,AS,FL000000444,10:13:00,10:57:00,44,12:48:00,13:28:00,40,0,0,20,26,210,50,37,8.233,7,74.7
2019-03-21,SEA,DL,FL000000445,10:24:00,12:41:00,137,12:59:00,14:41:00,102,0,0,49,24,335,160,107,8.127,65,39.72
2019-03-22,MCO,DL,FL000000446,10:35:00,11:48:00,73,13:10:00,13:45:00,35,0,0,50,8,65,90,81,11.833,16,70.9
2019-03-23,EWR,DL,FL000000447,10:46:00,12:44:00,118,13:21:00,13:36:00,15,0,0,10,28,377,300,288,10.707,60,37.95
2019-03-24,DFW,WN,FL000000448,10:57:00,13:45:00,168,13:32:00,15:11:00,99,0,0,41,19,140,240,118,7.417,40,37.03
2019-03-25,MSP,G4,FL000000449,11:08:00,15:05:00,237,13:43:00,14:58:00,75,0,0,26,3,317,240,153,4.179,36,77.3
2019-03-26,IAH,HA,FL000000450,11:19:00,11:20:00,1,13:54:00,14:51:00,57,0,0,23,26,247,220,190,5.668,33,94.67
2019-03-27,LAS,AA,FL000000451,11:30:00,11:33:00,3,14:05:00,17:40:00,215,0,0,16,17,369,190,94,9.224,43,44.53
2019-03-28,DEN,NK,FL000000452,11:41:00,12:17:00,36,14:16:00,18:53:00,277,0,0,13,30,235,76,36,3.566,7,23.95
2019-03-29,MCO,F9,FL000000453,11:52:00,12:52:00,60,14:27:00,15:39:00,72,0,0,53,17,274,70,55,6.38,20,44.84
2019-03-30,IAH,B6,FL000000454,12:03:00,15:43:00,220,14:38:00,18:08:00,210,0,0,52,12,31,70,54,10.677,27,94.57
2019-03-31,JFK,G4,FL000000455,12:14:00,13:18:00,64,14:49:00,17:32:00,163,0,0,18,18,75,150,92,5.259,11,15.9
2019-04-01,DTW,AS,FL000000456,12:25:00,14:37:00,132,15:00:00,19:15:00,255,0,0,40,22,208,175,131,9.363,37,56.45
2019-04-02,DFW,AS,FL000000457,12:36:00,12:41:00,5,15:11:00,18:56:00,225,0,0,29,6,386,175,154,3.538,4,65.67
2019-04-03,BWI,DL,FL000000458,12:47:00,15:09:00,142,15:22:00,20:05:00,283,0,0,17,5,70,90,55,8.762,73,88.3
2019-04-04,SEA,AA,FL000000459,12:58:00,15:52:00,174,15:33:00,17:13:00,100,0,0,34,15,40,70,48,11.595,106,25.92
2019-04-05,LAX,DL,FL000000460,13:09:00,13:48:00,39,15:44:00,16:52:00,68,0,0,7,13,342,90,43,8.297,112,15.52
2019-04-06,BOS,B6,FL000000461,13:20:00,14:31:00,71,15:55:00,18:28:00,153,0,0,21,28,214,300,181,1.92,37,34.53
2019-04-07,CLT,F9,FL000000462,13:31:00,13:58:00,27,16:06:00,17:40:00,94,0,0,16,10,269,160,146,9.133,12,87.95
2019-04-08,BWI,AA,FL000000463,13:42:00,17:17:00,215,16:17:00,19:08:00,171,0,0,53,30,291,110,78,9.893,20,72.9
2019-04-09,FLL,WN,FL000000464,13:53:00,15:05:00,72,16:28:00,20:01:00,213,0,0,60,23,191,130,66,7.411,112,71.26
2019-04-10,IAH,F9,FL000000465,14:04:00,14:00:00,-4,16:39:00,16:33:00,-6,0,0,52,3,52,110,75,2.53,42,82.57
2019-04-11,BWI,HA,FL000000466,14:15:00,14:14:00,-1,16:50:00,17:39:00,49,0,0,16,23,276,70,48,2.069,92,54.86
2019-04-12,JFK,NK,FL000000467,14:26:00,14:24:00,-2,17:01:00,21:46:00,285,0,0,44,22,269,130,105,2.881,106,74.68
2019-04-13,SFO,F9,FL000000468,14:37:00,15:11:00,34,17:12:00,17:05:00,-7,0,0,55,14,120,190,152,9.672,66,19.94
2019-04-14,BOS,AA,FL000000469,14:48:00,15:51:00,63,17:23:00,22:20:00,297,0,0,38,4,156,70,35,3.199,12,75.62
2019-04-15,DFW,B6,FL000000470,14:59:00,16:46:00,107,17:34:00,22:24:00,290,0,0,20,13,259,220,163,4.469,54,21.6
2019-04-16,PHX,UA,FL000000471,15:10:00,16:58:00,108,17:45:00,19:55:00,130,0,0,59,20,131,175,108,2.197,78,79.94
2019-04-17,DTW,F9,FL000000472,15:21:00,19:07:00,226,17:56:00,19:29:00,93,0,0,53,8,303,300,207,8.798,83,88.93
2019-04-18,FLL,F9,FL000000473,15:32:00,15:41:00,9,18:07:00,19:15:00,68,0,0,41,10,90,160,115,2.106,13,37.27
2019-04-19,DTW,AS,FL000000474,15:43:00,17:57:00,134,18:18:00,20:11:00,113,0,0,45,25,248,190,106,2.333,7,69.45
2019-04-20,PHX,DL,FL000000475,15:54:00,16:22:00,28,18:29:00,18:31:00,2,0,0,8,14,378,300,235,5.234,36,10.48
2019-04-21,FLL,HA,FL000000476,16:05:00,17:40:00,95,18:40:00,18:58:00,18,0,0,25,14,148,190,124,9.915,89,38.09
2019-04-22,DFW,F9,FL000000477,16:16:00,18:52:00,156,18:51:00,22:09:00,198,0,0,6,28,193,50,29,7.418,45,96.87
2019-04-23,BOS,AA,FL000000478,16:27:00,16:17:00,-10,19:02:00,22:40:00,218,0,0,37,5,330,190,155,8.258,28,34.79
2019-04-24,FLL,F9,FL000000479,16:38:00,17:11:00,33,19:13:00,23:55:00,282,0,0,37,3,283,220,127,5.077,113,97.94
2019-04-25,DFW,G4,FL000000480,16:49:00,20:26:00,217,19:24:00,23:34:00,250,0,0,14,30,36,150,118,1.734,3,30.79
2019-04-26,MCO,AS,FL000000481,17:00:00,19:52:00,172,19:35:00,20:02:00,27,0,0,33,18,103,300,161,0.012,19,76.9
2019-04-27,IAH,F9,FL000000482,17:11:00,20:18:00,187,19:46:00,22:37:00,171,0,0,47,18,330,50,33,5.191,78,55.62
2019-04-28,LAX,B6,FL000000483,17:22:00,19:44:00,142,19:57:00,22:20:00,143,0,0,45,13,231,220,194,4.001,48,95.1
2019-04-29,JFK,NK,FL000000484,17:33:00,19:30:00,117,20:08:00,20:03:00,-5,0,0,39,25,335,260,135,10.678,119,51.14
2019-04-30,MSP,NK,FL000000485,17:44:00,18:59:00,75,20:19:00,23:32:00,193,0,0,49,23,53,220,178,4.469,47,89.47
2019-05-01,MSP,AS,FL000000486,17:55:00,20:51:00,176,20:30:00,21:08:00,38,0,0,26,9,136,220,178,10.033,97,16.98
2019-05-02,LAS,G4,FL000000487,18:06:00,21:55:00,229,20:41:00,20:59:00,18,0,0,29,6,210,160,107,4.855,23,31.3
2019-05-03,DEN,UA,FL000000488,18:17:00,20:34:00,137,20:52:00,22:20:00,88,0,0,22,11,40,130,59,3.824,11,12.49
2019-05-04,BOS,DL,FL000000489,18:28:00,21:44:00,196,21:03:00,22:54:00,111,0,0,56,11,68,50,34,0.956,86,61.67
2019-05-05,LAX,B6,FL000000490,18:39:00,21:44:00,185,21:14:00,00:08:00,174,0,0,28,29,30,190,142,7.954,20,81.11
2019-05-06,ATL,AS,FL000000491,18:50:00,20:47:00,117,21:25:00,22:33:00,68,0,0,17,30,361,90,48,3.849,113,47.28
2019-05-07,DEN,B6,FL000000492,19:01:00,22:31:00,210,21:36:00,22:09:00,33,0,0,16,21,310,190,122,8.661,7,70.18
2019-05-08,BOS,UA,FL000000493,19:12:00,20:05:00,53,21:47:00,02:05:00,258,0,0,10,9,237,220,145,1.148,54,41.29
2019-05-09,LAX,NK,FL000000494,19:23:00,20:16:00,53,21:58:00,22:58:00,60,0,0,36,3,347,50,27,1.002,58,32.11
2019-05-10,LGA,F9,FL000000495,19:34:00,22:42:00,188,22:09:00,01:37:00,208,1,0,52,10,326,190,156,3.387,36,73.62
2019-05-11,BOS,B6,FL000000496,19:45:00,20:12:00,27,22:20:00,02:32:00,252,0,0,41,13,106,160,87,7.822,70,88.52
2019-05-12,DEN,DL,FL000000497,19:56:00,22:52:00,176,22:31:00,23:04:00,33,0,0,46,17,83,150,129,0.559,45,12.05
2019-05-13,ATL,WN,FL000000498,20:07:00,22:40:00,153,22:42:00,00:02:00,80,0,0,28,30,341,260,157,0.696,34,38.84
2019-05-14,BWI,DL,FL000000499,20:18:00,23:32:00,194,22:53:00,22:46:00,-7,0,0,41,11,184,110,91,6.944,37,41.96
2019-05-15,ATL,F9,FL000000500,20:29:00,21:14:00,45,23:04:00,01:44:00,160,0,0,30,16,298,76,44,10.194,88,12.83
2019-05-16,ATL,AS,FL000000501,20:40:00,00:36:00,236,23:15:00,00:48:00,93,0,0,35,23,184,300,170,11.523,84,84.59
2019-05-17,LAX,B6,FL000000502,20:51:00,00:35:00,224,23:26:00,03:04:00,218,1,0,19,28,308,50,32,5.464,5,95.11
2019-05-18,BWI,G4,FL000000503,21:02:00,21:40:00,38,23:37:00,02:03:00,146,0,0,31,30,255,150,75,11.375,87,91.3
2019-05-19,EWR,B6,FL000000504,21:13:00,21:50:00,37,23:48:00,00:09:00,21,0,0,51,12,87,220,168,4.905,110,35.32
2019-05-20,JFK,B6,FL000000505,21:24:00,22:02:00,38,23:59:00,00:49:00,50,0,0,11,16,368,70,52,11.475,69,95.94
2019-05-21,DEN,AS,FL000000506,21:35:00,21:58:00,23,00:10:00,03:19:00,189,0,0,39,20,139,240,208,3.056,28,42.69
2019-05-22,FLL,DL,FL000000507,21:46:00,21:58:00,12,00:21:00,05:17:00,296,0,0,47,23,51,260,220,3.355,21,40.79
2019-05-23,BOS,WN,FL000000508,21:57:00,22:15:00,18,00:32:00,03:32:00,180,0,0,20,4,48,50,42,1.82,34,14.75
2019-05-24,EWR,B6,FL000000509,22:08:00,00:45:00,157,00:43:00,02:38:00,115,0,0,55,19,176,160,149,1.841,118,11.08
2019-05-25,SEA,WN,FL000000510,22:19:00,00:39:00,140,00:54:00,02:26:00,92,0,0,47,13,113,150,130,0.441,108,39.73
2019-05-26,LAS,UA,FL000000511,22:30:00,01:50:00,200,06:05:00,07:38:00,93,0,0,56,24,292,240,201,5.158,56,82.12
2019-05-27,FLL,UA,FL000000512,22:41:00,01:00:00,139,06:16:00,10:01:00,225,0,0,56,27,78,130,78,0.838,67,22.64
2019-05-28,CLT,HA,FL000000513,22:52:00,02:11:00,199,06:27:00,07:24:00,57,0,0,54,28,268,150,120,8.047,108,87.75
2019-05-29,JFK,DL,FL000000514,23:03:00,23:04:00,1,06:38:00,06:54:00,16,0,0,39,10,152,130,120,9.724,39,58.16
2019-05-30,ATL,AS,FL000000515,23:14:00,01:24:00,130,06:49:00,07:47:00,58,0,0,31,15,42,160,103,8.601,63,63.15
2019-05-31,CLT,F9,FL000000516,23:25:00,01:20:00,115,07:00:00,09:40:00,160,0,0,50,26,254,160,130,8.03,22,79.42
2019-06-01,DFW,UA,FL000000517,23:36:00,02:58:00,202,07:11:00,09:00:00,109,0,0,51,19,43,300,167,1.878,59,22.61
2019-06-02,SEA,DL,FL000000518,23:47:00,02:04:00,137,07:22:00,12:09:00,287,0,0,8,18,50,175,152,0.749,62,22.66
2019-06-03,SEA,AS,FL000000519,23:58:00,03:16:00,198,07:33:00,12:33:00,300,0,0,50,5,216,90,44,8.127,29,47.18
2019-06-04,LAX,UA,FL000000520,05:09:00,07:45:00,156,07:44:00,11:22:00,218,0,0,36,16,242,130,72,3.766,71,80.37
2019-06-05,BOS,AS,FL000000521,05:20:00,06:55:00,95,07:55:00,10:50:00,175,0,0,17,19,341,220,164,0.392,0,17.48
2019-06-06,LAS,AS,FL000000522,05:31:00,05:37:00,6,08:06:00,10:12:00,126,0,0,40,7,185,240,210,1.391,62,91.46
2019-06-07,DTW,WN,FL000000523,05:42:00,07:19:00,97,08:17:00,12:49:00,272,0,0,27,6,72,70,49,1.952,77,14.18
2019-06-08,FLL,UA,FL000000524,05:53:00,08:23:00,150,08:28:00,08:57:00,29,0,0,59,19,182,160,135,7.305,57,95.48
2019-06-09,DEN,WN,FL000000525,06:04:00,06:03:00,-1,08:39:00,11:33:00,174,0,0,5,17,325,175,156,3.706,75,90.55
2019-06-10,JFK,B6,FL000000526,06:15:00,06:36:00,21,08:50:00,09:54:00,64,0,0,7,7,43,50,45,8.1,37,19.22
2019-06-11,FLL,WN,FL000000527,06:26:00,10:01:00,215,09:01:00,13:21:00,260,0,0,52,30,338,90,63,8.237,109,49.03
2019-06-12,FLL,F9,FL000000528,06:37:00,07:41:00,64,09:12:00,13:11:00,239,0,0,22,13,75,260,228,11.46,47,17.87
2019-06-13,DFW,G4,FL000000529,06:48:00,09:41:00,173,09:23:00,14:23:00,300,0,0,44,10,356,110,50,11.179,79,15.96
2019-06-14,MCO,B6,FL000000530,06:59:00,08:17:00,78,09:34:00,10:47:00,73,0,0,52,12,276,50,26,6.49,106,82.7
2019-06-15,DEN,B6,FL000000531,07:10:00,08:27:00,77,09:45:00,13:54:00,249,0,0,36,25,156,70,48,11.832,63,50.4
2019-06-16,ATL,DL,FL000000532,07:21:00,07:46:00,25,09:56:00,11:17:00,81,0,0,28,18,120,150,78,3.594,115,24.05
2019-06-17,SFO,NK,FL000000533,07:32:00,08:04:00,32,10:07:00,12:45:00,158,0,0,15,28,98,160,110,1.6,28,23.44
2019-06-18,DFW,HA,FL000000534,07:43:00,10:54:00,191,10:18:00,14:11:00,233,0,0,14,30,142,150,141,4.73,28,23.28
2019-06-19,IAH,AA,FL000000535,07:54:00,10:36:00,162,10:29:00,15:19:00,290,0,0,22,7,199,150,130,0.018,112,15.47
2019-06-20,BWI,WN,FL000000536,08:05:00,10:19:00,134,10:40:00,11:35:00,55,0,0,23,30,341,220,157,8.924,115,62.88
2019-06-21,LAS,G4,FL000000537,08:16:00,09:09:00,53,10:51:00,11:01:00,10,0,0,47,8,170,110,106,4.009,58,12.03
2019-06-22,SEA,AA,FL000000538,08:27:00,11:11:00,164,11:02:00,13:28:00,146,0,0,38,16,105,300,279,6.334,37,71.31
2019-06-23,MSP,G4,FL000000539,08:38:00,08:49:00,11,11:13:00,15:59:00,286,0,0,36,24,381,240,233,1.434,50,47.51
2019-06-24,CLT,WN,FL000000540,08:49:00,09:48:00,59,11:24:00,14:59:00,215,0,0,27,30,168,70,45,3.808,93,48.63
2019-06-25,BWI,WN,FL000000541,09:00:00,09:54:00,54,11:35:00,15:35:00,240,1,0,38,26,161,70,36,2.821,30,57.71
2019-06-26,IAH,G4,FL000000542,09:11:00,09:37:00,26,11:46:00,12:32:00,46,0,0,14,20,43,90,53,6.761,73,63.45
2019-06-27,ORD,NK,FL000000543,09:22:00,09:13:00,-9,11:57:00,12:09:00,12,0,0,52,3,26,300,258,11.03,6,90.58
2019-06-28,CLT,WN,FL000000544,09:33:00,12:45:00,192,12:08:00,16:23:00,255,0,0,55,20,258,130,103,1.099,90,54.28
2019-06-29,ORD,HA,FL000000545,09:44:00,10:59:00,75,12:19:00,15:55:00,216,0,0,38,22,379,260,240,0.155,114,87.45
2019-06-30,EWR,HA,FL000000546,09:55:00,13:35:00,220,12:30:00,14:44:00,134,0,0,39,10,320,260,245,5.899,91,75.99
2019-07-01,IAH,NK,FL000000547,10:06:00,13:02:00,176,12:41:00,17:22:00,281,0,0,58,14,94,110,73,1.249,33,72.55
2019-07-02,MSP,G4,FL000000548,10:17:00,11:05:00,48,12:52:00,16:48:00,236,0,0,23,22,125,70,66,11.092,18,77.99
2019-07-03,DFW,AS,FL000000549,10:28:00,12:54:00,146,13:03:00,16:21:00,198,0,0,16,28,328,175,92,11.966,41,96.62
2019-07-04,SFO,AA,FL000000550,10:39:00,10:39:00,0,13:14:00,15:44:00,150,0,0,25,9,287,110,76,2.718,92,41.5
2019-07-05,LAS,HA,FL000000551,10:50:00,13:17:00,147,13:25:00,18:24:00,299,0,0,52,13,121,130,120,4.319,22,80.75
2019-07-06,SEA,AS,FL000000552,11:01:00,11:52:00,51,13:36:00,17:41:00,245,0,1,18,24,244,76,58,2.307,4,78.8
2019-07-07,DEN,UA,FL000000553,11:12:00,11:19:00,7,13:47:00,16:28:00,161,0,0,44,22,270,190,123,9.749,35,70.2
2019-07-08,SEA,AS,FL000000554,11:23:00,14:53:00,210,13:58:00,16:42:00,164,0,0,39,21,85,130,110,2.481,68,85.24
2019-07-09,JFK,G4,FL000000555,11:34:00,14:50:00,196,14:09:00,16:56:00,167,0,0,29,27,292,160,106,10.467,43,63.04
2019-07-10,LGA,UA,FL000000556,11:45:00,14:56:00,191,14:20:00,19:00:00,280,0,0,44,27,388,160,87,1.833,44,46.8
2019-07-11,CLT,WN,FL000000557,11:56:00,14:34:00,158,14:31:00,19:01:00,270,0,0,25,22,322,260,186,1.268,76,82.44
2019-07-12,LAS,B6,FL000000558,12:07:00,13:35:00,88,14:42:00,17:08:00,146,0,0,56,10,160,160,154,3.909,101,21.77
2019-07-13,DEN,AA,FL000000559,12:18:00,14:25:00,127,14:53:00,18:21:00,208,0,0,58,8,232,76,71,10.093,90,94.6
2019-07-14,LGA,AS,FL000000560,12:29:00,16:09:00,220,15:04:00,16:56:00,112,0,0,41,26,390,76,57,11.265,14,46.71
2019-07-15,DTW,AA,FL000000561,12:40:00,15:02:00,142,15:15:00,17:27:00,132,0,0,13,13,363,90,53,2.844,43,24.09
2019-07-16,LAS,G4,FL000000562,12:51:00,16:35:00,224,15:26:00,19:47:00,261,0,0,16,9,354,175,164,1.603,38,33.31
2019-07-17,LAX,G4,FL000000563,13:02:00,14:13:00,71,15:37:00,17:36:00,119,0,0,44,9,326,90,74,6.688,23,31.0
2019-07-18,ATL,UA,FL000000564,13:13:00,14:52:00,99,15:48:00,19:31:00,223,0,0,54,13,264,76,61,7.453,3,10.85
2019-07-19,MCO,AA,FL000000565,13:24:00,15:31:00,127,15:59:00,17:58:00,119,0,0,7,22,232,90,60,3.661,4,10.52
2019-07-20,IAH,AS,FL000000566,13:35:00,14:12:00,37,16:10:00,18:04:00,114,0,0,35,10,66,150,142,6.055,57,18.85
2019-07-21,MCO,DL,FL000000567,13:46:00,14:15:00,29,16:21:00,21:21:00,300,0,0,21,3,108,90,83,6.609,86,60.15
2019-07-22,ORD,AS,FL000000568,13:57:00,14:59:00,62,16:32:00,17:40:00,68,0,0,18,24,51,300,144,8.972,86,38.79
2019-07-23,BOS,WN,FL000000569,14:08:00,17:22:00,194,16:43:00,18:30:00,107,0,0,27,6,297,260,215,6.399,120,58.82
2019-07-24,CLT,F9,FL000000570,14:19:00,14:32:00,13,16:54:00,17:54:00,60,0,0,53,12,254,220,146,9.41,9,80.91
2019-07-25,LAS,HA,FL000000571,14:30:00,15:55:00,85,17:05:00,18:29:00,84,0,0,42,17,374,76,48,10.539,69,55.13
2019-07-26,BOS,F9,FL000000572,14:41:00,17:15:00,154,17:16:00,20:53:00,217,0,0,18,28,390,300,169,7.171,120,56.81
2019-07-27,BWI,NK,FL000000573,14:52:00,17:15:00,143,17:27:00,21:28:00,241,0,0,6,30,196,70,55,7.822,85,55.8
2019-07-28,DFW,UA,FL000000574,15:03:00,16:36:00,93,17:38:00,21:02:00,204,0,0,8,21,50,175,133,11.774,8,10.11
2019-07-29,BOS,AA,FL000000575,15:14:00,19:04:00,230,17:49:00,18:29:00,40,0,0,49,11,29,175,85,1.101,81,63.82
2019-07-30,FLL,AS,FL000000576,15:25:00,19:24:00,239,18:00:00,21:40:00,220,0,0,25,22,338,90,51,6.076,94,81.75
2019-07-31,SFO,DL,FL000000577,15:36:00,18:50:00,194,18:11:00,20:50:00,159,0,0,29,20,229,90,83,2.975,67,88.28
2019-08-01,MCO,F9,FL000000578,15:47:00,19:11:00,204,18:22:00,21:41:00,199,0,0,32,9,183,110,68,5.571,17,26.67
2019-08-02,ORD,NK,FL000000579,15:58:00,16:06:00,8,18:33:00,18:36:00,3,0,0,21,19,60,260,160,11.83,36,84.56
2019-08-03,ATL,G4,FL000000580,16:09:00,19:26:00,197,18:44:00,18:34:00,-10,0,0,54,30,58,190,108,5.96,38,18.03
2019-08-04,LAS,F9,FL000000581,16:20:00,17:18:00,58,18:55:00,19:38:00,43,0,0,16,6,152,240,168,2.411,104,45.65
2019-08-05,DTW,F9,FL000000582,16:31:00,19:29:00,178,19:06:00,21:48:00,162,0,0,57,6,266,240,173,9.5,57,86.6
2019-08-06,DFW,F9,FL000000583,16:42:00,19:03:00,141,19:17:00,19:07:00,-10,0,0,39,4,186,90,55,3.508,95,89.51
2019-08-07,LAS,F9,FL000000584,16:53:00,18:14:00,81,19:28:00,21:07:00,99,0,0,36,17,235,260,179,1.607,39,52.02
2019-08-08,ATL,WN,FL000000585,17:04:00,20:19:00,195,19:39:00,20:48:00,69,0,0,46,14,358,76,36,8.039,115,78.27
2019-08-09,DTW,AS,FL000000586,17:15:00,20:04:00,169,19:50:00,22:44:00,174,0,0,51,4,145,175,150,7.37,36,57.71
2019-08-10,LGA,HA,FL000000587,17:26:00,18:44:00,78,20:01:00,00:00:00,239,0,0,18,18,38,50,25,4.114,19,15.47
2019-08-11,MCO,AS,FL000000588,17:37:00,19:30:00,113,20:12:00,23:38:00,206,0,0,60,20,347,240,109,4.256,101,90.08
2019-08-12,LAS,B6,FL000000589,17:48:00,19:04:00,76,20:23:00,22:07:00,104,0,0,32,4,44,260,214,10.587,106,52.19
2019-08-13,LAX,NK,FL000000590,17:59:00,18:37:00,38,20:34:00,00:38:00,244,0,0,57,24,118,76,63,10.537,74,85.24
2019-08-14,ORD,HA,FL000000591,18:10:00,18:35:00,25,20:45:00,00:57:00,252,0,0,50,24,313,220,171,11.968,16,19.8
2019-08-15,CLT,F9,FL000000592,18:21:00,20:49:00,148,20:56:00,22:02:00,66,0,0,30,28,145,130,91,9.364,32,85.31
2019-08-16,ORD,UA,FL000000593,18:32:00,21:15:00,163,21:07:00,00:56:00,229,0,0,55,9,88,50,35,9.01,40,73.42
2019-08-17,SEA,WN,FL000000594,18:43:00,20:28:00,105,21:18:00,22:06:00,48,0,0,41,16,254,260,135,10.025,117,97.72
2019-08-18,PHX,G4,FL000000595,18:54:00,18:57:00,3,21:29:00,21:47:00,18,0,0,53,4,368,175,146,1.363,31,47.79
2019-08-19,DTW,DL,FL000000596,19:05:00,22:21:00,196,21:40:00,21:41:00,1,0,0,46,16,85,175,85,10.969,72,56.76
2019-08-20,SFO,UA,FL000000597,19:16:00,19:18:00,2,21:51:00,00:27:00,156,0,0,58,5,143,150,116,5.572,33,40.02
2019-08-21,LGA,NK,FL000000598,19:27:00,20:00:00,33,22:02:00,00:38:00,156,0,0,12,5,69,260,227,7.495,23,72.67
2019-08-22,JFK,G4,FL000000599,19:38:00,21:05:00,87,22:13:00,01:35:00,202,0,0,50,5,134,150,87,6.884,76,68.49
2019-08-23,SEA,HA,FL000000600,19:49:00,23:40:00,231,22:24:00,02:53:00,269,0,0,53,15,144,220,108,0.873,2,88.9
2019-08-24,JFK,B6,FL000000601,20:00:00,23:33:00,213,22:35:00,23:10:00,35,0,0,32,5,201,240,149,6.816,81,43.24
2019-08-25,ORD,WN,FL000000602,20:11:00,22:42:00,151,22:46:00,02:56:00,250,0,0,19,17,250,300,273,2.064,11,76.31
2019-08-26,LAS,DL,FL000000603,20:22:00,22:09:00,107,22:57:00,00:55:00,118,0,0,23,13,357,90,57,10.697,27,83.61
2019-08-27,BOS,DL,FL000000604,20:33:00,23:30:00,177,23:08:00,02:19:00,191,0,0,60,13,190,76,52,6.269,19,35.86
2019-08-28,FLL,WN,FL000000605,20:44:00,22:41:00,117,23:19:00,02:25:00,186,0,0,28,25,72,160,83,5.369,90,83.71
2019-08-29,LAX,UA,FL000000606,20:55:00,21:01:00,6,23:30:00,01:20:00,110,0,0,37,6,335,160,133,2.933,100,65.74
2019-08-30,SEA,AA,FL000000607,21:06:00,21:14:00,8,23:41:00,02:02:00,141,0,0,48,7,281,110,73,2.915,109,59.53
2019-08-31,CLT,B6,FL000000608,21:17:00,23:57:00,160,23:52:00,23:37:00,-15,0,0,35,27,56,220,117,10.727,10,71.49
2019-09-01,DEN,F9,FL000000609,21:28:00,22:25:00,57,00:03:00,02:22:00,139,0,0,47,7,137,90,55,5.853,13,52.0
2019-09-02,SEA,NK,FL000000610,21:39:00,00:35:00,176,00:14:00,00:58:00,44,0,0,14,5,280,240,116,9.639,100,32.54
2019-09-03,SFO,WN,FL000000611,21:50:00,00:08:00,138,00:25:00,01:06:00,41,0,0,10,8,248,260,161,6.524,31,41.29
2019-09-04,DTW,NK,FL000000612,22:01:00,23:31:00,90,00:36:00,01:50:00,74,1,0,6,10,37,175,146,1.024,120,18.89
2019-09-05,EWR,AA,FL000000613,22:12:00,23:59:00,107,00:47:00,02:32:00,105,0,0,60,10,275,300,154,1.744,92,20.52
2019-09-06,FLL,WN,FL000000614,22:23:00,01:24:00,181,00:58:00,03:29:00,151,0,0,17,24,315,160,129,5.667,110,38.43
2019-09-07,MCO,AA,FL000000615,22:34:00,00:27:00,113,06:09:00,09:06:00,177,0,0,59,30,376,260,191,2.303,0,88.66
2019-09-08,JFK,NK,FL000000616,22:45:00,00:36:00,111,06:20:00,10:53:00,273,0,0,44,10,231,220,129,11.6,20,95.23
2019-09-09,IAH,AS,FL000000617,22:56:00,23:37:00,41,06:31:00,08:52:00,141,0,0,42,13,208,150,134,10.255,59,69.06
2019-09-10,BWI,WN,FL000000618,23:07:00,01:59:00,172,06:42:00,10:43:00,241,0,0,26,21,165,70,32,9.137,86,69.79
2019-09-11,PHX,UA,FL000000619,23:18:00,03:07:00,229,06:53:00,08:38:00,105,0,0,19,18,82,260,220,7.605,90,76.76
2019-09-12,ORD,AS,FL000000620,23:29:00,01:32:00,123,07:04:00,09:33:00,149,0,0,35,9,67,150,92,7.383,85,57.87
2019-09-13,PHX,NK,FL000000621,23:40:00,23:32:00,-8,07:15:00,10:15:00,180,0,0,53,23,254,260,243,10.471,50,19.82
2019-09-14,IAH,DL,FL000000622,23:51:00,03:25:00,214,07:26:00,10:06:00,160,0,0,58,11,217,130,111,5.971,68,49.89
2019-09-15,JFK,G4,FL000000623,05:02:00,07:52:00,170,07:37:00,11:23:00,226,0,0,17,19,212,260,216,2.531,111,96.86
2019-09-16,JFK,F9,FL000000624,05:13:00,05:05:00,-8,07:48:00,11:13:00,205,0,0,36,11,163,110,50,8.114,118,70.54
2019-09-17,DTW,AS,FL000000625,05:24:00,07:50:00,146,07:59:00,12:15:00,256,0,0,11,25,349,130,104,7.598,7,45.06
2019-09-18,PHX,NK,FL000000626,05:35:00,07:40:00,125,08:10:00,11:15:00,185,0,0,29,7,344,130,69,5.767,100,62.02
2019-09-19,MCO,WN,FL000000627,05:46:00,08:48:00,182,08:21:00,12:19:00,238,0,0,18,17,362,150,132,11.731,62,65.34
2019-09-20,BWI,AS,FL000000628,05:57:00,09:20:00,203,08:32:00,10:36:00,124,0,0,27,14,199,240,187,1.233,93,30.61
2019-09-21,MSP,NK,FL000000629,06:08:00,07:25:00,77,08:43:00,13:40:00,297,0,0,49,30,106,260,172,9.338,78,57.2
2019-09-22,IAH,AS,FL000000630,06:19:00,10:07:00,228,08:54:00,13:27:00,273,0,0,52,29,94,50,25,3.471,43,79.99
2019-09-23,LAS,WN,FL000000631,06:30:00,08:11:00,101,09:05:00,13:13:00,248,0,0,7,12,333,50,36,11.118,71,39.67
2019-09-24,ORD,WN,FL000000632,06:41:00,10:13:00,212,09:16:00,10:16:00,60,0,0,50,29,378,300,271,11.875,119,78.67
2019-09-25,MSP,G4,FL000000633,06:52:00,08:15:00,83,09:27:00,10:28:00,61,0,0,39,7,230,260,239,8.681,108,39.17
2019-09-26,DTW,DL,FL000000634,07:03:00,10:32:00,209,09:38:00,09:45:00,7,0,0,58,17,252,300,191,4.287,100,55.51
2019-09-27,BWI,AS,FL000000635,07:14:00,09:52:00,158,09:49:00,14:44:00,295,0,0,49,10,341,70,61,0.177,65,47.11
2019-09-28,DEN,F9,FL000000636,07:25:00,08:54:00,89,10:00:00,10:16:00,16,0,0,42,19,325,130,70,0.14,116,32.85
2019-09-29,IAH,AS,FL000000637,07:36:00,10:38:00,182,10:11:00,10:11:00,0,0,0,58,14,165,240,207,11.905,44,78.47
2019-09-30,BOS,AA,FL000000638,07:47:00,08:10:00,23,10:22:00,15:21:00,299,0,0,56,21,42,300,147,6.087,86,52.13
2019-10-01,ORD,DL,FL000000639,07:58:00,09:15:00,77,10:33:00,11:22:00,49,0,0,52,10,125,130,69,4.172,73,24.22
2019-10-02,PHX,F9,FL000000640,08:09:00,11:03:00,174,10:44:00,13:35:00,171,0,0,39,25,90,240,226,6.595,9,26.15
2019-10-03,LAX,AA,FL000000641,08:20:00,10:59:00,159,10:55:00,11:51:00,56,0,0,52,12,111,240,172,5.032,92,44.97
2019-10-04,JFK,DL,FL000000642,08:31:00,12:06:00,215,11:06:00,15:33:00,267,0,0,50,21,113,240,115,4.388,96,77.73
2019-10-05,DTW,F9,FL000000643,08:42:00,11:06:00,144,11:17:00,13:01:00,104,0,0,53,18,122,300,275,10.452,48,14.41
2019-10-06,MCO,G4,FL000000644,08:53:00,09:51:00,58,11:28:00,14:36:00,188,0,0,48,23,119,110,70,10.053,109,76.65
2019-10-07,JFK,B6,FL000000645,09:04:00,11:20:00,136,11:39:00,14:01:00,142,0,0,57,30,296,240,184,6.995,29,45.52
2019-10-08,MCO,HA,FL000000646,09:15:00,11:59:00,164,11:50:00,13:15:00,85,0,0,52,25,110,160,78,7.776,99,20.04
2019-10-09,SEA,WN,FL000000647,09:26:00,11:26:00,120,12:01:00,16:56:00,295,0,0,31,22,226,150,121,11.459,114,83.65
2019-10-10,MSP,NK,FL000000648,09:37:00,13:06:00,209,12:12:00,12:22:00,10,0,0,14,19,321,70,63,5.329,16,67.71
2019-10-11,ATL,UA,FL000000649,09:48:00,13:17:00,209,12:23:00,13:27:00,64,0,0,25,3,143,240,147,6.981,96,48.25
2019-10-12,IAH,DL,FL000000650,09:59:00,10:02:00,3,12:34:00,13:01:00,27,0,0,15,27,223,190,114,4.808,97,12.78
2019-10-13,LAX,F9,FL000000651,10:10:00,12:43:00,153,12:45:00,17:02:00,257,0,0,14,30,36,300,218,1.514,56,41.22
2019-10-14,LAS,AA,FL000000652,10:21:00,12:03:00,102,12:56:00,13:32:00,36,0,0,34,25,142,76,35,5.519,43,80.12
2019-10-15,LAX,DL,FL000000653,10:32:00,11:55:00,83,13:07:00,13:14:00,7,0,0,38,11,70,110,91,1.491,63,65.89
2019-10-16,CLT,DL,FL000000654,10:43:00,14:27:00,224,13:18:00,15:29:00,131,0,0,23,23,266,240,160,9.769,83,40.13
2019-10-17,LAX,DL,FL000000655,10:54:00,11:51:00,57,13:29:00,13:59:00,30,0,0,55,22,59,240,190,10.061,110,52.89
2019-10-18,BWI,F9,FL000000656,11:05:00,12:18:00,73,13:40:00,16:11:00,151,0,0,28,29,290,220,174,9.082,92,24.3
2019-10-19,MCO,AA,FL000000657,11:16:00,13:44:00,148,13:51:00,14:21:00,30,0,0,58,16,163,190,166,8.242,54,55.5
2019-10-20,MCO,F9,FL000000658,11:27:00,11:26:00,-1,14:02:00,15:27:00,85,0,0,12,5,371,90,74,8.308,10,46.48
2019-10-21,LGA,NK,FL000000659,11:38:00,14:26:00,168,14:13:00,14:46:00,33,0,0,7,22,173,220,205,8.302,14,71.53
2019-10-22,EWR,G4,FL000000660,11:49:00,14:21:00,152,14:24:00,15:47:00,83,0,0,50,16,334,110,106,1.052,118,65.75
2019-10-23,ATL,AA,FL000000661,12:00:00,14:03:00,123,14:35:00,18:12:00,217,0,0,13,17,360,150,101,2.648,120,75.48
2019-10-24,ATL,F9,FL000000662,12:11:00,16:11:00,240,14:46:00,16:22:00,96,1,0,58,19,155,50,37,11.888,48,52.94
2019-10-25,LAX,DL,FL000000663,12:22:00,15:27:00,185,14:57:00,19:05:00,248,0,0,36,6,119,90,73,8.769,17,37.87
2019-10-26,BWI,UA,FL000000664,12:33:00,13:51:00,78,15:08:00,16:48:00,100,0,0,10,6,266,240,174,1.846,63,22.75
2019-10-27,IAH,B6,FL000000665,12:44:00,15:07:00,143,15:19:00,19:01:00,222,0,0,49,12,145,300,288,11.235,114,89.71
2019-10-28,JFK,UA,FL000000666,12:55:00,13:40:00,45,15:30:00,17:25:00,115,0,0,51,18,39,110,83,8.89,118,72.74
2019-10-29,EWR,UA,FL000000667,13:06:00,15:19:00,133,15:41:00,17:30:00,109,0,0,12,16,262,175,144,11.133,41,79.88
2019-10-30,SFO,G4,FL000000668,13:17:00,13:22:00,5,15:52:00,16:56:00,64,0,0,21,6,316,175,116,6.475,79,83.37
2019-10-31,BWI,G4,FL000000669,13:28:00,16:52:00,204,16:03:00,17:21:00,78,0,0,51,5,232,160,99,4.425,37,58.28
2019-11-01,MSP,AA,FL000000670,13:39:00,16:10:00,151,16:14:00,20:09:00,235,0,0,25,8,353,190,138,8.467,101,15.9
2019-11-02,IAH,B6,FL000000671,13:50:00,16:45:00,175,16:25:00,16:11:00,-14,0,0,31,11,151,76,46,5.697,21,56.94
2019-11-03,LAX,G4,FL000000672,14:01:00,16:27:00,146,16:36:00,17:11:00,35,0,0,57,14,71,175,140,5.344,90,69.56
2019-11-04,SEA,B6,FL000000673,14:12:00,17:19:00,187,16:47:00,19:13:00,146,0,0,59,9,139,190,185,6.744,100,32.41
2019-11-05,LGA,UA,FL000000674,14:23:00,15:35:00,72,16:58:00,20:44:00,226,0,0,22,10,328,110,89,8.161,32,97.02
2019-11-06,BWI,NK,FL000000675,14:34:00,17:01:00,147,17:09:00,17:18:00,9,0,0,13,14,335,175,161,4.745,72,95.77
2019-11-07,DTW,UA,FL000000676,14:45:00,15:42:00,57,17:20:00,19:32:00,132,0,0,41,28,352,300,199,5.398,40,33.28
2019-11-08,PHX,DL,FL000000677,14:56:00,17:46:00,170,17:31:00,19:03:00,92,0,0,9,8,267,300,251,5.9,114,89.66
2019-11-09,MCO,UA,FL000000678,15:07:00,16:57:00,110,17:42:00,21:05:00,203,0,0,21,7,226,190,126,0.092,88,23.77
2019-11-10,ATL,WN,FL000000679,15:18:00,17:59:00,161,17:53:00,22:08:00,255,0,0,36,5,57,175,136,10.195,77,51.5
2019-11-11,CLT,F9,FL000000680,15:29:00,16:55:00,86,18:04:00,21:47:00,223,0,0,35,18,271,76,55,7.414,49,86.74
2019-11-12,DEN,F9,FL000000681,15:40:00,16:41:00,61,18:15:00,19:13:00,58,0,0,40,5,300,150,141,7.828,104,52.81
2019-11-13,LAX,F9,FL000000682,15:51:00,19:45:00,234,18:26:00,18:51:00,25,0,0,51,29,139,160,94,8.589,3,53.24
2019-11-14,MSP,AS,FL000000683,16:02:00,16:04:00,2,18:37:00,19:42:00,65,0,0,18,25,231,160,155,2.007,117,43.29
2019-11-15,EWR,HA,FL000000684,16:13:00,18:10:00,117,18:48:00,20:30:00,102,0,0,47,28,297,160,80,9.515,0,28.5
2019-11-16,SFO,F9,FL000000685,16:24:00,18:43:00,139,18:59:00,23:41:00,282,0,0,55,12,194,150,117,10.277,77,38.55
2019-11-17,LAS,WN,FL000000686,16:35:00,18:08:00,93,19:10:00,20:23:00,73,0,0,38,10,64,240,161,5.557,112,36.25
2019-11-18,EWR,G4,FL000000687,16:46:00,18:23:00,97,19:21:00,22:03:00,162,0,0,29,4,320,50,23,4.178,23,31.35
2019-11-19,IAH,DL,FL000000688,16:57:00,18:10:00,73,19:32:00,20:28:00,56,0,0,38,7,216,220,159,11.832,6,22.79
2019-11-20,BWI,AS,FL000000689,17:08:00,17:24:00,16,19:43:00,20:23:00,40,0,0,7,17,344,300,226,1.606,12,64.21
2019-11-21,CLT,B6,FL000000690,17:19:00,17:45:00,26,19:54:00,20:18:00,24,0,0,18,13,112,50,36,9.15,37,90.98
2019-11-22,SEA,G4,FL000000691,17:30:00,20:10:00,160,20:05:00,21:57:00,112,0,0,56,27,58,175,95,10.037,66,36.64
2019-11-23,MSP,HA,FL000000692,17:41:00,20:46:00,185,20:16:00,21:55:00,99,1,0,46,17,205,160,131,10.522,106,95.89
2019-11-24,LAS,NK,FL000000693,17:52:00,20:26:00,154,20:27:00,21:45:00,78,0,0,58,20,153,190,184,7.909,117,86.9
2019-11-25,SFO,AA,FL000000694,18:03:00,17:54:00,-9,20:38:00,01:05:00,267,0,0,26,28,241,190,169,7.609,17,50.22
2019-11-26,ORD,G4,FL000000695,18:14:00,18:17:00,3,20:49:00,20:36:00,-13,0,0,59,26,382,70,54,3.632,13,40.29
2019-11-27,SEA,G4,FL000000696,18:25:00,19:45:00,80,21:00:00,22:38:00,98,0,0,49,6,178,150,82,11.423,92,49.19
2019-11-28,LGA,HA,FL000000697,18:36:00,20:42:00,126,21:11:00,22:52:00,101,0,0,38,23,222,220,212,0.262,57,50.13
2019-11-29,JFK,F9,FL000000698,18:47:00,20:13:00,86,21:22:00,21:35:00,13,0,0,52,5,42,300,165,11.57,55,82.95
2019-11-30,EWR,AS,FL000000699,18:58:00,20:21:00,83,21:33:00,02:23:00,290,0,0,8,26,141,110,56,3.546,106,38.21
2019-12-01,IAH,NK,FL000000700,19:09:00,22:30:00,201,21:44:00,01:03:00,199,0,0,11,12,34,260,249,2.543,70,46.71
2019-12-02,PHX,DL,FL000000701,19:20:00,22:08:00,168,21:55:00,22:51:00,56,0,0,46,30,55,50,29,9.631,119,48.94
2019-12-03,JFK,G4,FL000000702,19:31:00,20:39:00,68,22:06:00,01:33:00,207,0,0,28,6,161,160,124,1.115,102,29.29
2019-12-04,JFK,F9,FL000000703,19:42:00,20:54:00,72,22:17:00,23:03:00,46,0,0,31,7,205,175,103,9.379,77,89.92
2019-12-05,DTW,WN,FL000000704,19:53:00,20:07:00,14,22:28:00,22:23:00,-5,0,0,52,14,185,90,80,11.403,34,25.88
2019-12-06,EWR,HA,FL000000705,20:04:00,21:43:00,99,22:39:00,23:43:00,64,0,0,17,10,235,110,92,4.49,61,94.62
2019-12-07,IAH,G4,FL000000706,20:15:00,21:09:00,54,22:50:00,02:40:00,230,0,0,19,28,271,220,172,9.651,6,96.82
2019-12-08,DFW,G4,FL000000707,20:26:00,23:41:00,195,23:01:00,01:59:00,178,0,0,51,25,293,300,245,1.034,78,82.3
2019-12-09,SEA,NK,FL000000708,20:37:00,22:14:00,97,23:12:00,02:23:00,191,0,0,48,21,179,160,132,1.346,116,30.59
2019-12-10,DFW,DL,FL000000709,20:48:00,00:18:00,210,23:23:00,02:07:00,164,0,0,17,25,194,110,57,8.224,60,90.05
2019-12-11,DFW,F9,FL000000710,20:59:00,23:06:00,127,23:34:00,23:55:00,21,0,0,51,27,63,240,175,9.682,15,13.89
2019-12-12,BWI,G4,FL000000711,21:10:00,22:09:00,59,23:45:00,02:18:00,153,0,0,22,23,255,150,126,10.766,75,33.69
2019-12-13,EWR,F9,FL000000712,21:21:00,00:37:00,196,23:56:00,03:33:00,217,0,0,24,21,282,50,24,11.988,26,24.84
2019-12-14,ORD,WN,FL000000713,21:32:00,00:41:00,189,00:07:00,02:45:00,158,0,0,54,3,134,190,94,1.455,41,64.42
2019-12-15,LAX,AA,FL000000714,21:43:00,21:33:00,-10,00:18:00,01:28:00,70,0,0,50,4,202,130,125,1.0,82,95.55
2019-12-16,IAH,NK,FL000000715,21:54:00,00:09:00,135,00:29:00,01:50:00,81,0,0,39,23,135,90,48,6.844,61,16.51
2019-12-17,JFK,NK,FL000000716,22:05:00,01:55:00,230,00:40:00,02:18:00,98,0,0,29,25,69,240,144,3.78,68,85.83
2019-12-18,DTW,F9,FL000000717,22:16:00,00:38:00,142,00:51:00,00:36:00,-15,0,0,59,28,298,260,153,6.406,25,12.1
2019-12-19,DEN,UA,FL000000718,22:27:00,01:40:00,193,06:02:00,08:49:00,167,0,0,5,30,316,50,39,4.785,78,17.89
2019-12-20,SFO,DL,FL000000719,22:38:00,00:41:00,123,06:13:00,09:06:00,173,0,0,40,21,318,76,71,11.701,40,37.5
2019-12-21,DFW,AA,FL000000720,22:49:00,23:09:00,20,06:24:00,06:44:00,20,0,0,49,20,364,260,188,2.358,25,26.91
2019-12-22,IAH,WN,FL000000721,23:00:00,02:45:00,225,06:35:00,06:26:00,-9,0,0,20,29,247,220,159,2.075,32,85.5
2019-12-23,LAS,DL,FL000000722,23:11:00,02:50:00,219,06:46:00,09:45:00,179,0,0,33,20,203,300,177,0.843,27,93.02
2019-12-24,JFK,DL,FL000000723,23:22:00,01:33:00,131,06:57:00,11:39:00,282,0,0,55,5,76,50,27,2.825,120,38.34
2019-12-25,DEN,UA,FL000000724,23:33:00,02:59:00,206,07:08:00,12:07:00,299,0,0,10,18,112,90,55,3.399,102,76.61
2019-12-26,LAS,HA,FL000000725,23:44:00,02:05:00,141,07:19:00,08:39:00,80,0,0,48,25,237,130,60,10.45,111,22.6
2019-12-27,DEN,B6,FL000000726,23:55:00,01:31:00,96,07:30:00,09:49:00,139,0,0,24,16,220,150,94,0.844,107,39.5
2019-12-28,EWR,DL,FL000000727,05:06:00,08:40:00,214,07:41:00,08:34:00,53,0,0,58,9,159,76,64,1.14,78,31.62
2019-12-29,FLL,AA,FL000000728,05:17:00,08:32:00,195,07:52:00,10:36:00,164,0,0,47,16,127,260,188,2.53,46,52.15
2019-12-30,MSP,UA,FL000000729,05:28:00,09:20:00,232,08:03:00,11:39:00,216,0,0,55,9,131,190,103,2.007,18,81.83
2019-12-31,LGA,F9,FL000000730,05:39:00,07:01:00,82,08:14:00,12:25:00,251,0,0,19,24,291,90,43,7.198,76,81.21
2020-01-01,BWI,G4,FL000000731,05:50:00,05:53:00,3,08:25:00,13:08:00,283,0,0,26,27,37,175,88,7.482,102,55.11
2020-01-02,LAX,HA,FL000000732,06:01:00,06:58:00,57,08:36:00,10:03:00,87,0,0,6,30,110,130,61,10.368,72,34.73
2020-01-03,DEN,B6,FL000000733,06:12:00,07:10:00,58,08:47:00,12:15:00,208,0,0,29,3,384,110,82,2.861,108,69.79
2020-01-04,EWR,WN,FL000000734,06:23:00,08:42:00,139,08:58:00,10:40:00,102,0,0,10,22,146,50,28,4.082,70,21.34
2020-01-05,CLT,G4,FL000000735,06:34:00,10:20:00,226,09:09:00,11:23:00,134,0,0,25,25,284,160,147,10.827,56,84.73
2020-01-06,JFK,DL,FL000000736,06:45:00,09:01:00,136,09:20:00,09:36:00,16,0,0,8,15,225,110,104,0.323,106,20.77
2020-01-07,DEN,AA,FL000000737,06:56:00,07:54:00,58,09:31:00,13:10:00,219,0,0,37,15,65,220,107,5.055,48,16.44
2020-01-08,PHX,F9,FL000000738,07:07:00,07:23:00,16,09:42:00,10:29:00,47,0,0,32,7,319,160,89,2.515,86,25.24
2020-01-09,PHX,NK,FL000000739,07:18:00,08:50:00,92,09:53:00,13:05:00,192,0,0,57,11,92,190,176,5.993,11,78.7
2020-01-10,DTW,NK,FL000000740,07:29:00,08:24:00,55,10:04:00,13:25:00,201,0,0,38,11,154,300,141,0.548,7,65.29
2020-01-11,PHX,HA,FL000000741,07:40:00,11:15:00,215,10:15:00,13:12:00,177,0,0,19,25,326,260,218,1.07,104,85.85
2020-01-12,EWR,HA,FL000000742,07:51:00,08:56:00,65,10:26:00,11:28:00,62,0,0,28,24,106,76,58,6.39,22,54.21
2020-01-13,MSP,B6,FL000000743,08:02:00,10:01:00,119,10:37:00,14:49:00,252,0,0,22,11,217,220,194,1.813,40,23.55
2020-01-14,DTW,DL,FL000000744,08:13:00,09:55:00,102,10:48:00,11:44:00,56,0,0,60,6,85,160,102,10.277,42,18.08
2020-01-15,DEN,AA,FL000000745,08:24:00,11:23:00,179,10:59:00,12:16:00,77,0,0,38,24,113,110,104,1.678,53,75.61
2020-01-16,CLT,AS,FL000000746,08:35:00,11:31:00,176,11:10:00,10:57:00,-13,0,0,42,3,266,150,135,0.009,60,10.55
2020-01-17,DEN,WN,FL000000747,08:46:00,08:43:00,-3,11:21:00,14:33:00,192,0,0,54,15,181,160,122,1.419,44,73.72
2020-01-18,SEA,DL,FL000000748,08:57:00,11:52:00,175,11:32:00,14:28:00,176,0,0,21,22,278,90,73,5.77,15,77.6
2020-01-19,PHX,AA,FL000000749,09:08:00,10:30:00,82,11:43:00,15:41:00,238,0,0,31,13,183,220,162,1.6,84,67.51
2020-01-20,EWR,NK,FL000000750,09:19:00,10:38:00,79,11:54:00,15:13:00,199,0,0,39,28,175,175,106,1.392,93,71.33
2020-01-21,DTW,DL,FL000000751,09:30:00,12:18:00,168,12:05:00,16:06:00,241,0,0,59,9,97,90,71,7.596,49,75.47
2020-01-22,PHX,AA,FL000000752,09:41:00,10:14:00,33,12:16:00,15:42:00,206,0,0,29,12,194,260,225,4.566,53,45.62
2020-01-23,MCO,G4,FL000000753,09:52:00,12:52:00,180,12:27:00,17:14:00,287,0,0,27,6,249,70,51,8.715,8,69.16
2020-01-24,MCO,F9,FL000000754,10:03:00,11:45:00,102,12:38:00,16:27:00,229,0,0,50,12,188,160,123,5.714,9,26.29
2020-01-25,DFW,NK,FL000000755,10:14:00,13:19:00,185,12:49:00,14:05:00,76,0,0,12,23,371,150,103,4.096,91,95.54
2020-01-26,ATL,WN,FL000000756,10:25:00,11:43:00,78,13:00:00,16:44:00,224,0,0,18,10,313,190,177,1.658,12,26.53
2020-01-27,EWR,B6,FL000000757,10:36:00,10:28:00,-8,13:11:00,14:01:00,50,0,0,6,29,319,300,252,7.731,37,17.04
2020-01-28,PHX,AS,FL000000758,10:47:00,13:44:00,177,13:22:00,15:58:00,156,0,0,58,29,292,150,96,9.413,107,62.84
2020-01-29,JFK,WN,FL000000759,10:58:00,10:49:00,-9,13:33:00,16:00:00,147,0,0,12,22,231,76,52,11.996,55,46.21
2020-01-30,SFO,F9,FL000000760,11:09:00,15:02:00,233,13:44:00,16:04:00,140,0,0,39,12,348,90,86,0.383,89,60.52
2020-01-31,LGA,NK,FL000000761,11:20:00,11:26:00,6,13:55:00,15:38:00,103,0,0,10,5,241,110,65,10.733,28,87.12
2020-02-01,PHX,DL,FL000000762,11:31:00,13:26:00,115,14:06:00,18:03:00,237,0,0,29,12,286,70,54,8.591,22,25.73
2020-02-02,ORD,AA,FL000000763,11:42:00,13:05:00,83,14:17:00,18:56:00,279,0,0,23,5,140,70,64,2.425,50,78.94
2020-02-03,LAX,NK,FL000000764,11:53:00,14:56:00,183,14:28:00,19:03:00,275,0,0,42,10,70,190,89,7.447,6,48.1
2020-02-04,BOS,WN,FL000000765,12:04:00,12:26:00,22,14:39:00,19:18:00,279,1,0,12,23,263,300,168,11.7,107,41.08
2020-02-05,MCO,B6,FL000000766,12:15:00,14:50:00,155,14:50:00,14:39:00,-11,0,0,23,6,97,175,146,6.531,11,56.37
2020-02-06,ATL,WN,FL000000767,12:26:00,13:54:00,88,15:01:00,19:25:00,264,0,0,8,14,216,76,47,2.067,117,28.31
2020-02-07,SEA,DL,FL000000768,12:37:00,13:01:00,24,15:12:00,15:32:00,20,0,0,8,21,115,220,176,1.024,43,55.13
2020-02-08,SFO,G4,FL000000769,12:48:00,14:28:00,100,15:23:00,17:06:00,103,0,0,36,26,285,260,191,6.314,11,40.65
2020-02-09,BOS,G4,FL000000770,12:59:00,13:32:00,33,15:34:00,19:12:00,218,0,0,56,15,35,150,89,9.889,90,10.01
2020-02-10,ATL,F9,FL000000771,13:10:00,14:17:00,67,15:45:00,20:29:00,284,0,0,48,27,377,70,63,6.029,83,57.34
2020-02-11,ATL,AA,FL000000772,13:21:00,15:18:00,117,15:56:00,16:45:00,49,0,0,18,26,71,130,102,10.13,109,21.3
2020-02-12,LGA,WN,FL000000773,13:32:00,13:51:00,19,16:07:00,20:00:00,233,0,0,25,4,231,130,89,2.284,93,30.49
2020-02-13,MSP,AS,FL000000774,13:43:00,16:30:00,167,16:18:00,18:43:00,145,0,0,52,21,162,260,159,4.406,42,38.04
2020-02-14,DFW,UA,FL000000775,13:54:00,14:13:00,19,16:29:00,18:18:00,109,0,0,39,25,306,260,201,3.319,76,55.07
2020-02-15,ATL,NK,FL000000776,14:05:00,17:56:00,231,16:40:00,18:53:00,133,0,0,35,20,35,160,111,10.598,110,13.76
2020-02-16,IAH,HA,FL000000777,14:16:00,17:14:00,178,16:51:00,17:44:00,53,0,0,40,4,342,150,117,1.424,43,83.32
2020-02-17,ORD,AS,FL000000778,14:27:00,16:33:00,126,17:02:00,18:59:00,117,0,0,40,8,80,240,179,3.086,16,13.96
2020-02-18,MSP,DL,FL000000779,14:38:00,15:44:00,66,17:13:00,22:11:00,298,0,0,36,13,362,50,44,6.99,97,87.47
2020-02-19,ATL,B6,FL000000780,14:49:00,15:07:00,18,17:24:00,18:01:00,37,0,0,17,9,196,175,84,10.003,21,48.2
2020-02-20,ORD,NK,FL000000781,15:00:00,15:19:00,19,17:35:00,19:56:00,141,0,0,22,16,42,110,91,11.147,57,24.88
2020-02-21,LGA,AS,FL000000782,15:11:00,18:42:00,211,17:46:00,21:31:00,225,0,0,40,21,93,240,146,3.703,49,77.23
2020-02-22,SEA,HA,FL000000783,15:22:00,18:37:00,195,17:57:00,22:17:00,260,0,0,24,25,280,90,65,0.518,55,28.43
2020-02-23,DFW,B6,FL000000784,15:33:00,15:29:00,-4,18:08:00,22:10:00,242,0,0,56,24,375,160,137,6.738,97,84.91
2020-02-24,JFK,NK,FL000000785,15:44:00,17:13:00,89,18:19:00,23:04:00,285,0,0,14,14,38,190,106,5.182,67,15.84
2020-02-25,PHX,WN,FL000000786,15:55:00,18:43:00,168,18:30:00,18:49:00,19,0,0,12,25,305,150,87,0.563,67,40.74
2020-02-26,LAX,AS,FL000000787,16:06:00,16:53:00,47,18:41:00,21:03:00,142,0,0,13,17,105,150,94,11.704,15,86.03
2020-02-27,SEA,NK,FL000000788,16:17:00,17:57:00,100,18:52:00,22:12:00,200,0,0,20,21,143,220,210,1.021,44,45.42
2020-02-28,SFO,G4,FL000000789,16:28:00,19:33:00,185,19:03:00,20:18:00,75,0,0,46,30,282,130,126,4.777,46,19.94
2020-02-29,IAH,HA,FL000000790,16:39:00,20:11:00,212,19:14:00,20:13:00,59,0,0,14,20,361,70,63,3.944,62,71.8
2020-03-01,CLT,G4,FL000000791,16:50:00,16:55:00,5,19:25:00,20:33:00,68,0,0,30,24,134,90,65,1.756,56,64.59
2020-03-02,FLL,G4,FL000000792,17:01:00,18:09:00,68,19:36:00,23:57:00,261,0,0,18,19,278,130,104,4.977,102,33.56
2020-03-03,CLT,B6,FL000000793,17:12:00,18:48:00,96,19:47:00,23:19:00,212,0,0,40,4,354,70,62,9.284,53,87.25
2020-03-04,FLL,UA,FL000000794,17:23:00,17:48:00,25,19:58:00,23:29:00,211,0,0,48,30,157,260,228,2.393,99,66.73
2020-03-05,MCO,WN,FL000000795,17:34:00,19:15:00,101,20:09:00,20:47:00,38,0,0,43,25,165,160,105,6.207,77,58.6
2020-03-06,MCO,F9,FL000000796,17:45:00,18:59:00,74,20:20:00,01:03:00,283,0,0,12,30,142,220,163,8.695,22,55.25
2020-03-07,SEA,DL,FL000000797,17:56:00,20:06:00,130,20:31:00,20:16:00,-15,0,0,41,22,283,130,73,0.977,115,84.56
2020-03-08,ORD,UA,FL000000798,18:07:00,22:05:00,238,20:42:00,21:44:00,62,0,0,24,11,134,240,219,9.846,10,65.09
2020-03-09,SFO,UA,FL000000799,18:18:00,20:19:00,121,20:53:00,23:52:00,179,0,0,59,28,364,130,117,3.126,79,28.19
2020-03-10,LAX,NK,FL000000800,18:29:00,20:42:00,133,21:04:00,21:37:00,33,0,0,27,26,135,130,75,2.518,48,14.39
2020-03-11,BOS,F9,FL000000801,18:40:00,20:23:00,103,21:15:00,23:22:00,127,0,0,54,7,385,260,172,11.18,3,52.24
2020-03-12,DEN,B6,FL000000802,18:51:00,20:13:00,82,21:26:00,22:29:00,63,0,0,46,14,190,130,111,11.858,82,58.34
2020-03-13,LGA,AA,FL000000803,19:02:00,19:06:00,4,21:37:00,00:59:00,202,0,0,34,11,218,260,241,10.5,74,54.94
2020-03-14,BWI,AA,FL000000804,19:13:00,22:36:00,203,21:48:00,00:36:00,168,0,0,22,3,43,110,67,5.319,85,96.65
2020-03-15,SEA,AA,FL000000805,19:24:00,21:47:00,143,21:59:00,23:11:00,72,0,0,38,17,261,300,230,10.184,106,17.12
2020-03-16,ORD,B6,FL000000806,19:35:00,20:06:00,31,22:10:00,23:21:00,71,0,0,41,18,208,220,101,9.892,34,56.14
2020-03-17,DFW,NK,FL000000807,19:46:00,20:22:00,36,22:21:00,00:34:00,133,0,0,31,19,191,110,103,8.707,56,82.05
2020-03-18,EWR,DL,FL000000808,19:57:00,20:27:00,30,22:32:00,03:14:00,282,0,0,22,15,261,240,174,11.606,111,58.56
2020-03-19,DEN,DL,FL000000809,20:08:00,23:28:00,200,22:43:00,23:31:00,48,0,0,56,27,221,160,114,4.437,30,83.02
2020-03-20,ORD,HA,FL000000810,20:19:00,21:53:00,94,22:54:00,01:53:00,179,0,0,32,27,381,110,83,2.064,56,36.05
2020-03-21,LAS,HA,FL000000811,20:30:00,23:30:00,180,23:05:00,03:35:00,270,0,0,6,29,161,110,100,6.261,46,32.56
2020-03-22,SFO,NK,FL000000812,20:41:00,22:55:00,134,23:16:00,02:30:00,194,0,0,37,25,88,70,67,0.78,18,62.71
2020-03-23,SFO,DL,FL000000813,20:52:00,22:38:00,106,23:27:00,01:55:00,148,0,0,33,22,318,190,178,7.07,104,84.76
2020-03-24,LAS,AA,FL000000814,21:03:00,22:45:00,102,23:38:00,01:55:00,137,0,0,40,9,163,130,96,3.279,67,34.45
2020-03-25,ATL,G4,FL000000815,21:14:00,00:46:00,212,23:49:00,02:13:00,144,0,0,59,6,34,150,103,3.086,43,59.95
2020-03-26,JFK,HA,FL000000816,21:25:00,23:56:00,151,00:00:00,02:35:00,155,0,0,9,15,165,175,160,10.555,19,32.37
2020-03-27,BOS,HA,FL000000817,21:36:00,00:26:00,170,00:11:00,02:41:00,150,0,0,37,26,192,175,103,2.523,33,28.08
2020-03-28,SEA,F9,FL000000818,21:47:00,21:53:00,6,00:22:00,03:22:00,180,0,0,20,19,203,175,129,1.46,90,35.36
2020-03-29,LGA,AA,FL000000819,21:58:00,22:41:00,43,00:33:00,01:10:00,37,0,0,42,6,91,160,138,11.047,30,33.62
2020-03-30,ORD,AA,FL000000820,22:09:00,01:30:00,201,00:44:00,05:36:00,292,0,0,48,8,68,76,61,9.2,70,13.96
2020-03-31,MSP,NK,FL000000821,22:20:00,23:14:00,54,00:55:00,01:57:00,62,0,0,40,16,33,150,130,10.655,89,58.74
2020-04-01,FLL,HA,FL000000822,22:31:00,01:49:00,198,06:06:00,08:30:00,144,0,0,29,6,204,175,136,1.081,28,38.39
2020-04-02,IAH,B6,FL000000823,22:42:00,02:39:00,237,06:17:00,09:58:00,221,0,0,52,23,135,90,53,7.901,109,37.77
2020-04-03,MCO,AA,FL000000824,22:53:00,00:46:00,113,06:28:00,06:18:00,-10,0,0,44,19,29,150,121,0.278,27,45.66
2020-04-04,ATL,UA,FL000000825,23:04:00,01:56:00,172,06:39:00,11:03:00,264,0,0,54,28,372,240,176,10.781,58,91.46
2020-04-05,SEA,WN,FL000000826,23:15:00,00:46:00,91,06:50:00,11:26:00,276,0,0,57,3,325,110,61,8.843,25,81.52
2020-04-06,IAH,WN,FL000000827,23:26:00,23:41:00,15,07:01:00,10:53:00,232,0,0,53,7,203,90,43,1.473,42,58.87
2020-04-07,BOS,NK,FL000000828,23:37:00,03:28:00,231,07:12:00,11:27:00,255,0,0,23,20,359,300,183,4.3,60,77.86
2020-04-08,ORD,DL,FL000000829,23:48:00,02:36:00,168,07:23:00,07:18:00,-5,0,0,8,21,328,90,80,2.269,81,17.1
2020-04-09,ORD,WN,FL000000830,23:59:00,01:32:00,93,07:34:00,12:04:00,270,0,0,14,15,66,150,96,8.385,70,53.37
2020-04-10,MCO,B6,FL000000831,05:10:00,07:55:00,165,07:45:00,10:57:00,192,0,0,9,22,83,300,182,2.541,47,68.71
2020-04-11,EWR,DL,FL000000832,05:21:00,08:08:00,167,07:56:00,12:00:00,244,0,0,25,30,292,220,151,4.927,74,95.46
2020-04-12,IAH,F9,FL000000833,05:32:00,06:01:00,29,08:07:00,09:17:00,70,0,0,53,28,83,220,127,10.973,82,17.52
2020-04-13,DEN,DL,FL000000834,05:43:00,07:40:00,117,08:18:00,12:40:00,262,0,0,14,6,189,220,190,4.158,85,41.42
2020-04-14,LAS,HA,FL000000835,05:54:00,08:54:00,180,08:29:00,13:17:00,288,0,0,47,4,298,220,200,11.148,71,30.95
2020-04-15,IAH,HA,FL000000836,06:05:00,09:21:00,196,08:40:00,13:30:00,290,0,0,5,17,255,190,162,11.001,100,58.63
2020-04-16,MCO,AA,FL000000837,06:16:00,09:50:00,214,08:51:00,13:17:00,266,0,0,31,22,136,190,167,7.67,46,94.67
2020-04-17,JFK,HA,FL000000838,06:27:00,09:10:00,163,09:02:00,11:11:00,129,0,0,11,26,48,260,224,1.44,12,17.01
2020-04-18,PHX,AA,FL000000839,06:38:00,10:08:00,210,09:13:00,09:32:00,19,0,0,22,21,345,220,119,9.855,15,44.39
2020-04-19,SFO,AS,FL000000840,06:49:00,08:54:00,125,09:24:00,10:56:00,92,0,0,32,13,385,220,179,5.97,106,63.9
2020-04-20,EWR,AA,FL000000841,07:00:00,06:58:00,-2,09:35:00,12:37:00,182,0,0,37,12,221,175,100,11.658,96,63.21
2020-04-21,FLL,DL,FL000000842,07:11:00,11:00:00,229,09:46:00,14:24:00,278,0,0,59,26,208,190,159,5.074,19,89.14
2020-04-22,PHX,WN,FL000000843,07:22:00,10:39:00,197,09:57:00,11:11:00,74,0,0,41,12,127,160,92,10.044,30,67.18
2020-04-23,PHX,HA,FL000000844,07:33:00,07:53:00,20,10:08:00,10:26:00,18,0,0,42,25,86,50,41,1.403,101,45.43
2020-04-24,SEA,B6,FL000000845,07:44:00,07:37:00,-7,10:19:00,13:13:00,174,0,0,58,8,177,220,128,5.332,42,83.54
2020-04-25,PHX,UA,FL000000846,07:55:00,10:38:00,163,10:30:00,12:18:00,108,0,0,41,20,72,220,141,1.897,100,74.71
2020-04-26,SFO,DL,FL000000847,08:06:00,09:50:00,104,10:41:00,11:04:00,23,0,0,45,12,103,160,147,1.266,33,64.62
2020-04-27,DTW,B6,FL000000848,08:17:00,08:07:00,-10,10:52:00,10:48:00,-4,0,0,39,24,179,300,253,9.839,87,47.28
2020-04-28,MSP,F9,FL000000849,08:28:00,11:32:00,184,11:03:00,15:16:00,253,0,0,17,21,81,90,64,11.858,116,36.75
2020-04-29,LAS,DL,FL000000850,08:39:00,08:34:00,-5,11:14:00,13:01:00,107,0,0,31,16,231,240,136,3.397,69,38.81
2020-04-30,CLT,WN,FL000000851,08:50:00,10:25:00,95,11:25:00,13:34:00,129,0,0,6,10,185,190,122,3.409,42,14.44
2020-05-01,LAX,B6,FL000000852,09:01:00,10:29:00,88,11:36:00,13:09:00,93,0,0,40,10,53,300,170,8.708,106,30.58
2020-05-02,DEN,DL,FL000000853,09:12:00,12:35:00,203,11:47:00,11:43:00,-4,0,0,29,26,304,160,126,3.513,55,91.7
2020-05-03,DTW,G4,FL000000854,09:23:00,12:41:00,198,11:58:00,15:52:00,234,0,0,47,4,302,150,87,10.935,47,24.78
2020-05-04,LGA,DL,FL000000855,09:34:00,11:14:00,100,12:09:00,15:26:00,197,0,0,59,3,46,110,56,7.433,20,87.16
2020-05-05,FLL,UA,FL000000856,09:45:00,10:13:00,28,12:20:00,14:11:00,111,0,0,13,4,61,220,140,0.982,60,97.44
2020-05-06,ORD,AS,FL000000857,09:56:00,12:18:00,142,12:31:00,13:47:00,76,0,0,47,25,355,220,117,4.891,40,61.19
2020-05-07,SFO,B6,FL000000858,10:07:00,10:03:00,-4,12:42:00,13:16:00,34,0,0,11,20,347,220,207,10.833,105,42.78
2020-05-08,ATL,F9,FL000000859,10:18:00,12:35:00,137,12:53:00,16:39:00,226,0,0,57,4,386,160,79,6.77,98,68.48
2020-05-09,MSP,NK,FL000000860,10:29:00,12:42:00,133,13:04:00,15:18:00,134,0,0,51,29,341,300,238,0.965,73,97.78
2020-05-10,DTW,NK,FL000000861,10:40:00,13:43:00,183,13:15:00,13:36:00,21,0,0,10,13,30,70,66,5.338,10,26.71
2020-05-11,LGA,B6,FL000000862,10:51:00,14:00:00,189,13:26:00,13:20:00,-6,0,0,56,7,109,110,107,8.221,7,70.44
2020-05-12,DTW,AA,FL000000863,11:02:00,15:01:00,239,13:37:00,13:42:00,5,0,0,6,10,294,220,162,2.394,93,75.14
2020-05-13,LGA,B6,FL000000864,11:13:00,13:16:00,123,13:48:00,14:47:00,59,0,0,20,6,356,160,77,9.343,25,68.45
2020-05-14,DFW,DL,FL000000865,11:24:00,14:38:00,194,13:59:00,18:34:00,275,0,0,8,29,84,220,169,0.413,117,74.4
2020-05-15,DTW,NK,FL000000866,11:35:00,11:27:00,-8,14:10:00,17:47:00,217,0,0,29,7,185,150,107,3.907,66,25.52
2020-05-16,JFK,WN,FL000000867,11:46:00,12:08:00,22,14:21:00,15:35:00,74,0,0,12,4,288,150,126,0.963,76,97.82
2020-05-17,BWI,HA,FL000000868,11:57:00,12:51:00,54,14:32:00,14:35:00,3,0,0,50,24,67,130,70,2.13,18,40.75
2020-05-18,DEN,WN,FL000000869,12:08:00,13:22:00,74,14:43:00,15:14:00,31,0,0,9,18,378,76,67,5.309,31,18.36
2020-05-19,MCO,G4,FL000000870,12:19:00,14:21:00,122,14:54:00,15:55:00,61,0,0,15,21,249,260,153,2.995,11,96.77
2020-05-20,ORD,AA,FL000000871,12:30:00,13:36:00,66,15:05:00,15:02:00,-3,0,0,6,28,302,90,64,5.546,36,95.78
2020-05-21,CLT,F9,FL000000872,12:41:00,15:52:00,191,15:16:00,17:09:00,113,0,0,18,12,242,160,98,3.74,68,38.55
2020-05-22,EWR,HA,FL000000873,12:52:00,14:35:00,103,15:27:00,16:51:00,84,0,0,22,15,338,150,83,4.501,61,88.06
2020-05-23,CLT,G4,FL000000874,13:03:00,14:52:00,109,15:38:00,16:42:00,64,0,0,43,25,247,76,62,11.646,68,52.02
2020-05-24,MSP,F9,FL000000875,13:14:00,14:32:00,78,15:49:00,16:29:00,40,0,0,39,3,70,240,135,11.103,88,82.63
2020-05-25,SFO,AA,FL000000876,13:25:00,15:31:00,126,16:00:00,18:44:00,164,0,0,50,25,81,90,52,9.211,15,55.63
2020-05-26,BOS,WN,FL000000877,13:36:00,14:52:00,76,16:11:00,16:17:00,6,0,0,52,10,178,300,187,5.655,62,57.45
2020-05-27,DTW,AS,FL000000878,13:47:00,15:40:00,113,16:22:00,18:39:00,137,0,0,37,26,337,220,168,3.729,58,26.88
2020-05-28,SEA,B6,FL000000879,13:58:00,16:02:00,124,16:33:00,16:32:00,-1,0,0,14,4,318,175,167,4.427,57,13.63
2020-05-29,SEA,DL,FL000000880,14:09:00,16:25:00,136,16:44:00,16:37:00,-7,0,0,19,14,63,70,62,11.919,104,60.07
2020-05-30,DEN,G4,FL000000881,14:20:00,14:11:00,-9,16:55:00,20:26:00,211,0,0,20,25,171,130,95,3.383,71,89.03
2020-05-31,JFK,AS,FL000000882,14:31:00,17:27:00,176,17:06:00,19:29:00,143,0,0,35,9,255,240,157,3.752,99,78.37
2020-06-01,PHX,G4,FL000000883,14:42:00,16:29:00,107,17:17:00,19:28:00,131,0,0,8,24,61,160,82,0.751,36,80.69
2020-06-02,BOS,HA,FL000000884,14:53:00,18:32:00,219,17:28:00,20:05:00,157,0,0,7,9,91,300,200,9.255,63,18.01
2020-06-03,LAX,B6,FL000000885,15:04:00,16:24:00,80,17:39:00,22:14:00,275,0,0,36,28,66,240,114,0.861,106,43.97
2020-06-04,MSP,AS,FL000000886,15:15:00,17:35:00,140,17:50:00,17:47:00,-3,0,0,22,24,70,240,120,0.755,73,39.23
2020-06-05,LGA,G4,FL000000887,15:26:00,18:39:00,193,18:01:00,20:54:00,173,0,0,8,22,227,160,132,8.817,76,40.69
2020-06-06,JFK,AS,FL000000888,15:37:00,15:56:00,19,18:12:00,21:34:00,202,0,0,9,9,65,130,61,7.544,12,47.45
2020-06-07,BOS,WN,FL000000889,15:48:00,15:39:00,-9,18:23:00,22:41:00,258,0,0,58,5,53,160,133,4.564,55,23.73
2020-06-08,MCO,NK,FL000000890,15:59:00,18:14:00,135,18:34:00,23:28:00,294,0,0,36,21,107,150,76,5.259,4,96.76
2020-06-09,LAX,HA,FL000000891,16:10:00,18:33:00,143,18:45:00,18:36:00,-9,0,0,52,11,177,90,41,0.924,86,33.44
2020-06-10,EWR,DL,FL000000892,16:21:00,19:57:00,216,18:56:00,18:55:00,-1,0,0,29,21,39,110,65,4.631,28,82.65
2020-06-11,CLT,WN,FL000000893,16:32:00,19:38:00,186,19:07:00,18:54:00,-13,0,0,50,3,389,190,147,3.965,37,49.66
2020-06-12,DTW,HA,FL000000894,16:43:00,19:48:00,185,19:18:00,23:28:00,250,0,0,23,10,304,76,51,8.274,92,42.83
2020-06-13,DEN,AS,FL000000895,16:54:00,16:51:00,-3,19:29:00,00:14:00,285,0,0,55,24,314,50,30,7.5,97,72.64
2020-06-14,FLL,UA,FL000000896,17:05:00,19:00:00,115,19:40:00,21:35:00,115,0,0,6,29,132,175,166,7.965,47,19.08
2020-06-15,PHX,AS,FL000000897,17:16:00,21:15:00,239,19:51:00,22:15:00,144,0,0,56,23,367,76,39,11.642,99,13.35
2020-06-16,BOS,HA,FL000000898,17:27:00,20:36:00,189,20:02:00,23:33:00,211,0,0,5,28,331,50,40,11.13,75,93.74
2020-06-17,DEN,AA,FL000000899,17:38:00,18:19:00,41,20:13:00,21:49:00,96,0,0,6,30,301,70,55,6.543,67,61.86
2020-06-18,DEN,B6,FL000000900,17:49:00,20:44:00,175,20:24:00,01:06:00,282,0,0,42,21,167,220,105,10.049,55,42.04
2020-06-19,SEA,DL,FL000000901,18:00:00,20:04:00,124,20:35:00,20:48:00,13,0,0,35,9,68,175,164,2.99,77,37.94
2020-06-20,FLL,AA,FL000000902,18:11:00,20:27:00,136,20:46:00,20:31:00,-15,1,0,45,21,241,90,56,10.677,40,56.11
2020-06-21,SFO,DL,FL000000903,18:22:00,19:28:00,66,20:57:00,21:16:00,19,0,0,56,19,386,190,102,8.713,112,59.54
2020-06-22,BWI,DL,FL000000904,18:33:00,19:29:00,56,21:08:00,21:14:00,6,0,0,6,26,230,70,51,9.53,33,28.31
2020-06-23,DTW,F9,FL000000905,18:44:00,19:33:00,49,21:19:00,01:26:00,247,0,0,49,27,190,300,263,7.062,21,84.84
2020-06-24,FLL,WN,FL000000906,18:55:00,22:09:00,194,21:30:00,00:35:00,185,0,0,38,21,384,70,35,10.289,2,71.05
2020-06-25,LGA,WN,FL000000907,19:06:00,20:19:00,73,21:41:00,01:23:00,222,0,0,30,13,128,50,41,1.348,117,61.38
2020-06-26,BWI,G4,FL000000908,19:17:00,21:52:00,155,21:52:00,23:39:00,107,0,0,5,16,146,90,41,5.146,48,60.33
2020-06-27,EWR,B6,FL000000909,19:28:00,20:58:00,90,22:03:00,01:32:00,209,0,0,15,9,253,260,146,6.344,80,43.71
2020-06-28,DTW,B6,FL000000910,19:39:00,20:10:00,31,22:14:00,02:58:00,284,0,0,28,29,350,70,68,8.3,85,22.7
2020-06-29,BOS,HA,FL000000911,19:50:00,19:44:00,-6,22:25:00,22:11:00,-14,0,0,52,23,319,76,66,0.6,23,55.72
2020-06-30,SFO,B6,FL000000912,20:01:00,22:21:00,140,22:36:00,23:25:00,49,0,0,20,3,241,90,52,5.462,40,47.82
2020-07-01,SFO,DL,FL000000913,20:12:00,23:08:00,176,22:47:00,22:33:00,-14,0,0,12,7,39,110,91,0.158,100,49.73
2020-07-02,SEA,HA,FL000000914,20:23:00,23:20:00,177,22:58:00,02:18:00,200,0,0,35,4,381,240,141,11.525,87,70.91
2020-07-03,MCO,AS,FL000000915,20:34:00,22:26:00,112,23:09:00,00:05:00,56,0,0,28,15,199,130,117,6.349,108,12.82
2020-07-04,LAS,AS,FL000000916,20:45:00,21:24:00,39,23:20:00,03:13:00,233,0,0,42,14,143,190,156,9.35,92,15.28
2020-07-05,LAS,UA,FL000000917,20:56:00,00:48:00,232,23:31:00,04:25:00,294,0,0,24,14,83,160,114,4.466,6,19.22
2020-07-06,DTW,HA,FL000000918,21:07:00,21:00:00,-7,23:42:00,00:05:00,23,0,0,22,10,225,50,40,2.397,41,77.51
2020-07-07,LAS,G4,FL000000919,21:18:00,21:29:00,11,23:53:00,02:38:00,165,0,0,7,16,333,76,72,1.231,102,11.73
2020-07-08,SEA,UA,FL000000920,21:29:00,21:45:00,16,00:04:00,01:15:00,71,0,0,24,19,283,150,129,3.655,11,40.67
2020-07-09,DEN,B6,FL000000921,21:40:00,21:44:00,4,00:15:00,03:39:00,204,0,0,10,8,247,190,101,4.22,39,75.38
2020-07-10,LGA,HA,FL000000922,21:51:00,00:57:00,186,00:26:00,03:31:00,185,0,0,29,20,241,76,62,4.362,83,64.96
2020-07-11,EWR,AA,FL000000923,22:02:00,00:54:00,172,00:37:00,01:20:00,43,0,0,59,13,200,130,74,3.94,18,79.44
2020-07-12,MCO,G4,FL000000924,22:13:00,01:22:00,189,00:48:00,03:01:00,133,0,0,35,22,222,50,36,1.335,0,24.57
2020-07-13,ATL,AA,FL000000925,22:24:00,01:01:00,157,00:59:00,01:57:00,58,0,0,15,16,166,130,80,5.086,114,70.96
2020-07-14,CLT,DL,FL000000926,22:35:00,23:25:00,50,06:10:00,08:33:00,143,0,0,24,11,184,260,172,5.539,75,95.12
2020-07-15,SEA,G4,FL000000927,22:46:00,22:51:00,5,06:21:00,09:24:00,183,0,0,19,8,297,300,258,9.303,67,23.76
2020-07-16,MSP,UA,FL000000928,22:57:00,01:09:00,132,06:32:00,10:33:00,241,0,0,41,24,240,50,40,0.133,1,32.73
2020-07-17,SFO,UA,FL000000929,23:08:00,01:02:00,114,06:43:00,07:10:00,27,0,0,9,19,340,70,33,10.623,84,79.8
2020-07-18,DFW,UA,FL000000930,23:19:00,02:41:00,202,06:54:00,07:49:00,55,0,0,15,13,296,220,205,3.418,76,32.86
2020-07-19,FLL,AA,FL000000931,23:30:00,01:45:00,135,07:05:00,10:24:00,199,0,0,12,28,171,300,171,2.681,86,96.31
2020-07-20,SEA,WN,FL000000932,23:41:00,03:09:00,208,07:16:00,11:20:00,244,0,0,26,30,64,76,72,7.427,90,22.89
2020-07-21,JFK,NK,FL000000933,23:52:00,00:14:00,22,07:27:00,07:51:00,24,0,0,24,13,133,50,40,3.897,105,81.6
2020-07-22,FLL,F9,FL000000934,05:03:00,07:19:00,136,07:38:00,07:51:00,13,0,0,47,19,385,76,58,7.801,69,64.55
2020-07-23,FLL,AS,FL000000935,05:14:00,06:48:00,94,07:49:00,12:08:00,259,0,0,39,19,91,240,199,2.394,56,27.13
2020-07-24,EWR,WN,FL000000936,05:25:00,06:51:00,86,08:00:00,12:00:00,240,0,0,21,14,135,70,57,4.349,18,73.37
2020-07-25,LGA,UA,FL000000937,05:36:00,07:30:00,114,08:11:00,11:09:00,178,0,0,59,15,66,130,65,3.115,29,44.53
2020-07-26,LAS,UA,FL000000938,05:47:00,08:48:00,181,08:22:00,09:43:00,81,0,0,21,11,207,150,137,4.313,28,38.04
2020-07-27,LAS,UA,FL000000939,05:58:00,06:33:00,35,08:33:00,08:29:00,-4,0,0,25,21,52,160,119,11.471,11,41.62
2020-07-28,JFK,B6,FL000000940,06:09:00,08:34:00,145,08:44:00,09:38:00,54,0,1,36,21,72,190,149,3.53,8,14.6
2020-07-29,SFO,G4,FL000000941,06:20:00,06:40:00,20,08:55:00,11:57:00,182,0,0,33,15,357,160,92,6.386,96,19.05
2020-07-30,DEN,AA,FL000000942,06:31:00,09:05:00,154,09:06:00,13:18:00,252,0,0,8,8,117,70,68,2.113,67,69.53
2020-07-31,BWI,G4,FL000000943,06:42:00,06:54:00,12,09:17:00,12:37:00,200,0,0,5,10,186,190,93,10.571,73,85.09
2020-08-01,DTW,NK,FL000000944,06:53:00,09:25:00,152,09:28:00,10:02:00,34,0,0,39,27,120,160,77,7.227,24,76.54
2020-08-02,PHX,WN,FL000000945,07:04:00,10:57:00,233,09:39:00,11:28:00,109,0,0,41,13,384,220,158,5.694,99,30.73
2020-08-03,SFO,WN,FL000000946,07:15:00,08:20:00,65,09:50:00,12:51:00,181,0,0,31,15,38,70,47,0.846,66,97.11
2020-08-04,MSP,F9,FL000000947,07:26:00,09:44:00,138,10:01:00,12:21:00,140,0,0,14,13,232,190,146,1.023,38,66.39
2020-08-05,JFK,AA,FL000000948,07:37:00,08:04:00,27,10:12:00,14:50:00,278,0,0,44,18,117,110,72,8.117,116,86.77
2020-08-06,MSP,DL,FL000000949,07:48:00,07:40:00,-8,10:23:00,13:16:00,173,0,0,7,23,375,130,103,2.794,27,21.19
2020-08-07,DEN,NK,FL000000950,07:59:00,10:04:00,125,10:34:00,12:56:00,142,0,0,17,13,99,110,89,8.042,108,34.71
2020-08-08,IAH,NK,FL000000951,08:10:00,10:58:00,168,10:45:00,13:18:00,153,0,0,14,29,110,220,105,5.716,107,56.43
2020-08-09,MSP,DL,FL000000952,08:21:00,11:16:00,175,10:56:00,12:21:00,85,0,0,48,22,50,90,70,3.606,98,75.34
2020-08-10,BWI,G4,FL000000953,08:32:00,09:01:00,29,11:07:00,16:05:00,298,0,0,38,13,55,90,57,11.895,104,63.04
2020-08-11,JFK,F9,FL000000954,08:43:00,09:06:00,23,11:18:00,15:41:00,263,0,0,32,14,343,300,160,5.026,74,51.51
2020-08-12,DFW,HA,FL000000955,08:54:00,12:23:00,209,11:29:00,12:07:00,38,0,0,11,16,199,70,46,4.135,103,81.27
2020-08-13,DFW,NK,FL000000956,09:05:00,10:29:00,84,11:40:00,15:58:00,258,0,0,23,7,320,110,65,10.261,56,24.17
2020-08-14,EWR,AA,FL000000957,09:16:00,13:16:00,240,11:51:00,12:53:00,62,0,0,5,12,332,190,113,3.795,81,93.03
2020-08-15,DFW,UA,FL000000958,09:27:00,09:24:00,-3,12:02:00,16:15:00,253,0,0,10,20,123,130,75,4.124,77,27.02
2020-08-16,DTW,G4,FL000000959,09:38:00,10:58:00,80,12:13:00,17:10:00,297,0,0,9,25,61,50,30,6.7,42,38.18
2020-08-17,SEA,B6,FL000000960,09:49:00,12:36:00,167,12:24:00,12:46:00,22,0,0,52,8,313,50,26,5.849,10,50.82
2020-08-18,DFW,F9,FL000000961,10:00:00,11:15:00,75,12:35:00,14:48:00,133,0,0,22,12,56,50,40,11.744,12,74.67
2020-08-19,LGA,HA,FL000000962,10:11:00,13:37:00,206,12:46:00,17:27:00,281,0,0,6,6,250,70,54,5.572,78,70.42
2020-08-20,ATL,AS,FL000000963,10:22:00,11:35:00,73,12:57:00,12:48:00,-9,0,0,14,10,187,90,71,5.386,67,57.76
2020-08-21,IAH,F9,FL000000964,10:33:00,11:28:00,55,13:08:00,13:40:00,32,0,0,6,23,76,110,106,10.429,50,19.98
2020-08-22,CLT,G4,FL000000965,10:44:00,13:05:00,141,13:19:00,16:06:00,167,0,0,52,30,207,190,144,3.505,88,19.08
2020-08-23,FLL,WN,FL000000966,10:55:00,11:25:00,30,13:30:00,15:58:00,148,0,0,23,28,235,175,124,8.109,8,82.28
2020-08-24,LAX,WN,FL000000967,11:06:00,14:15:00,189,13:41:00,16:28:00,167,0,0,48,12,361,76,39,5.046,111,69.69
2020-08-25,SEA,AA,FL000000968,11:17:00,14:47:00,210,13:52:00,15:54:00,122,0,0,31,15,210,190,102,0.473,76,59.66
2020-08-26,DFW,AS,FL000000969,11:28:00,13:44:00,136,14:03:00,16:50:00,167,0,0,9,4,224,76,67,7.172,116,65.75
2020-08-27,BOS,UA,FL000000970,11:39:00,13:38:00,119,14:14:00,14:31:00,17,0,0,25,25,149,160,74,4.398,46,27.49
2020-08-28,FLL,HA,FL000000971,11:50:00,15:10:00,200,14:25:00,17:40:00,195,0,0,60,12,175,110,84,6.759,7,83.15
2020-08-29,BWI,G4,FL000000972,12:01:00,14:33:00,152,14:36:00,17:44:00,188,0,0,58,26,265,150,137,0.058,36,68.52
2020-08-30,IAH,HA,FL000000973,12:12:00,14:36:00,144,14:47:00,17:56:00,189,0,0,21,22,363,160,144,0.576,93,94.06
2020-08-31,SFO,HA,FL000000974,12:23:00,12:28:00,5,14:58:00,18:28:00,210,0,0,38,27,170,175,93,9.165,46,59.15
2020-09-01,PHX,AA,FL000000975,12:34:00,13:32:00,58,15:09:00,17:45:00,156,0,0,21,18,300,260,210,4.814,84,59.89
2020-09-02,CLT,UA,FL000000976,12:45:00,16:01:00,196,15:20:00,18:56:00,216,0,0,17,9,303,130,105,5.692,23,94.95
2020-09-03,JFK,AA,FL000000977,12:56:00,12:56:00,0,15:31:00,18:22:00,171,0,0,43,16,127,90,61,3.953,40,77.05
2020-09-04,JFK,DL,FL000000978,13:07:00,15:03:00,116,15:42:00,17:08:00,86,0,0,14,5,62,110,54,11.643,43,79.71
2020-09-05,DEN,AA,FL000000979,13:18:00,15:29:00,131,15:53:00,15:48:00,-5,0,0,42,5,122,110,54,9.666,97,30.64
2020-09-06,MSP,UA,FL000000980,13:29:00,13:40:00,11,16:04:00,15:59:00,-5,0,0,50,25,105,240,212,9.596,111,72.18
2020-09-07,ORD,AA,FL000000981,13:40:00,14:26:00,46,16:15:00,16:53:00,38,0,0,55,22,196,76,63,9.469,83,84.44
2020-09-08,DEN,WN,FL000000982,13:51:00,17:14:00,203,16:26:00,20:59:00,273,0,0,33,22,224,50,45,7.331,114,71.57
2020-09-09,DFW,B6,FL000000983,14:02:00,17:19:00,197,16:37:00,17:56:00,79,0,0,22,8,158,300,211,6.557,75,35.77
2020-09-10,PHX,HA,FL000000984,14:13:00,16:17:00,124,16:48:00,18:53:00,125,0,0,38,23,298,130,101,10.111,91,45.45
2020-09-11,DEN,F9,FL000000985,14:24:00,15:20:00,56,16:59:00,20:35:00,216,0,0,41,12,93,70,49,4.968,12,66.21
2020-09-12,JFK,B6,FL000000986,14:35:00,16:26:00,111,17:10:00,17:35:00,25,0,0,56,25,136,150,143,5.238,119,39.23
2020-09-13,SFO,UA,FL000000987,14:46:00,17:19:00,153,17:21:00,20:22:00,181,0,0,41,16,327,260,180,6.252,25,54.56
2020-09-14,DFW,AS,FL000000988,14:57:00,16:07:00,70,17:32:00,17:49:00,17,0,0,13,8,381,110,100,0.875,13,29.71
2020-09-15,MSP,DL,FL000000989,15:08:00,16:39:00,91,17:43:00,17:33:00,-10,1,0,52,5,312,90,54,3.948,93,53.72
2020-09-16,BWI,F9,FL000000990,15:19:00,15:18:00,-1,17:54:00,20:44:00,170,0,0,43,9,285,90,80,8.709,5,41.3
2020-09-17,SEA,NK,FL000000991,15:30:00,18:07:00,157,18:05:00,21:46:00,221,0,0,56,27,83,160,120,10.545,13,19.85
2020-09-18,BOS,B6,FL000000992,15:41:00,17:45:00,124,18:16:00,20:17:00,121,0,0,18,16,234,240,155,5.645,28,20.78
2020-09-19,LAX,AS,FL000000993,15:52:00,15:44:00,-8,18:27:00,18:59:00,32,0,0,8,9,267,220,120,1.896,67,29.81
2020-09-20,ORD,DL,FL000000994,16:03:00,16:50:00,47,18:38:00,20:27:00,109,0,0,35,22,351,150,107,7.807,40,77.23
2020-09-21,BOS,DL,FL000000995,16:14:00,16:36:00,22,18:49:00,22:18:00,209,0,0,35,13,127,130,118,1.101,51,94.6
2020-09-22,MSP,B6,FL000000996,16:25:00,17:38:00,73,19:00:00,21:57:00,177,0,0,35,19,115,240,109,6.621,111,25.68
2020-09-23,IAH,F9,FL000000997,16:36:00,20:30:00,234,19:11:00,22:04:00,173,0,0,49,14,119,50,37,0.751,85,55.51
2020-09-24,EWR,F9,FL000000998,16:47:00,17:19:00,32,19:22:00,21:34:00,132,0,0,17,16,162,300,196,3.003,76,32.02
2020-09-25,FLL,WN,FL000000999,16:58:00,20:20:00,202,19:33:00,22:12:00,159,0,0,37,11,170,76,45,5.712,109,72.19
2020-09-26,CLT,AA,FL000001000,17:09:00,21:05:00,236,19:44:00,19:42:00,-2,0,0,57,6,174,150,89,6.803,120,35.79
2020-09-27,LAS,AS,FL000001001,17:20:00,20:36:00,196,19:55:00,20:55:00,60,0,0,54,14,68,150,107,3.368,90,89.31
2020-09-28,SEA,DL,FL000001002,17:31:00,19:06:00,95,20:06:00,22:44:00,158,0,0,27,9,253,300,143,3.566,22,41.43
2020-09-29,SEA,DL,FL000001003,17:42:00,20:19:00,157,20:17:00,22:50:00,153,0,0,21,21,194,175,97,8.881,3,84.78
2020-09-30,MCO,AS,FL000001004,17:53:00,20:52:00,179,20:28:00,21:27:00,59,0,0,20,16,133,76,55,7.731,98,84.17
2020-10-01,LAX,G4,FL000001005,18:04:00,18:33:00,29,20:39:00,21:06:00,27,0,0,24,25,298,220,202,9.44,107,84.78
2020-10-02,EWR,AA,FL000001006,18:15:00,21:44:00,209,20:50:00,23:13:00,143,0,0,37,8,347,110,71,7.861,92,83.99
2020-10-03,LAS,B6,FL000001007,18:26:00,21:36:00,190,21:01:00,00:17:00,196,0,0,23,12,40,90,73,5.874,37,64.64
2020-10-04,SEA,AA,FL000001008,18:37:00,19:59:00,82,21:12:00,21:59:00,47,0,0,16,16,190,260,144,2.174,27,45.05
2020-10-05,FLL,WN,FL000001009,18:48:00,20:33:00,105,21:23:00,22:12:00,49,0,0,13,3,179,260,157,3.041,34,24.85
2020-10-06,SEA,DL,FL000001010,18:59:00,20:02:00,63,21:34:00,23:35:00,121,0,0,35,28,298,50,48,4.612,39,61.75
2020-10-07,FLL,UA,FL000001011,19:10:00,22:46:00,216,21:45:00,02:36:00,291,0,0,6,22,363,130,101,1.776,43,53.82
2020-10-08,DFW,DL,FL000001012,19:21:00,21:58:00,157,21:56:00,00:28:00,152,0,0,16,20,74,220,168,10.177,84,44.51
2020-10-09,ORD,G4,FL000001013,19:32:00,19:52:00,20,22:07:00,22:55:00,48,0,0,52,9,311,220,121,4.064,84,52.56
2020-10-10,DFW,UA,FL000001014,19:43:00,21:51:00,128,22:18:00,02:34:00,256,0,0,55,3,248,130,75,5.294,109,59.49
2020-10-11,IAH,B6,FL000001015,19:54:00,20:50:00,56,22:29:00,00:30:00,121,0,0,31,6,81,50,48,2.988,107,94.1
2020-10-12,PHX,F9,FL000001016,20:05:00,21:43:00,98,22:40:00,03:23:00,283,0,0,21,30,344,160,120,11.119,6,38.43
2020-10-13,BOS,HA,FL000001017,20:16:00,21:38:00,82,22:51:00,01:34:00,163,1,0,19,10,260,240,154,9.029,38,50.97
2020-10-14,IAH,NK,FL000001018,20:27:00,21:21:00,54,23:02:00,00:30:00,88,0,0,28,12,205,76,70,7.555,95,19.43
2020-10-15,DTW,UA,FL000001019,20:38:00,21:38:00,60,23:13:00,03:14:00,241,0,0,49,13,168,190,109,5.999,62,76.17
2020-10-16,MSP,UA,FL000001020,20:49:00,23:39:00,170,23:24:00,03:49:00,265,0,0,5,11,176,175,152,10.342,106,25.18
2020-10-17,PHX,B6,FL000001021,21:00:00,23:43:00,163,23:35:00,01:44:00,129,0,0,11,3,152,150,138,3.146,50,35.08
2020-10-18,MCO,NK,FL000001022,21:11:00,00:09:00,178,23:46:00,01:39:00,113,0,0,18,21,29,260,149,3.363,114,81.47
2020-10-19,ATL,AS,FL000001023,21:22:00,21:25:00,3,23:57:00,02:03:00,126,0,0,23,30,270,175,138,7.789,115,15.07
2020-10-20,LAS,F9,FL000001024,21:33:00,00:13:00,160,00:08:00,02:43:00,155,0,0,42,21,379,300,241,10.842,28,38.26
2020-10-21,CLT,AA,FL000001025,21:44:00,23:05:00,81,00:19:00,02:20:00,121,0,0,16,4,296,150,124,10.657,74,21.05
2020-10-22,LAX,HA,FL000001026,21:55:00,00:59:00,184,00:30:00,05:05:00,275,0,0,57,3,306,50,29,7.795,73,86.36
2020-10-23,DEN,WN,FL000001027,22:06:00,22:09:00,3,00:41:00,00:34:00,-7,0,0,45,19,170,76,63,0.717,84,80.23
2020-10-24,FLL,AS,FL000001028,22:17:00,22:13:00,-4,00:52:00,05:26:00,274,0,0,58,16,269,300,138,9.277,20,28.68
2020-10-25,BOS,WN,FL000001029,22:28:00,01:23:00,175,06:03:00,05:53:00,-10,0,0,40,8,184,240,183,0.153,33,25.18
2020-10-26,SEA,AA,FL000001030,22:39:00,01:25:00,166,06:14:00,08:22:00,128,0,0,37,9,227,300,205,0.999,80,73.63
2020-10-27,FLL,HA,FL000001031,22:50:00,00:52:00,122,06:25:00,06:55:00,30,0,0,47,23,318,150,69,11.341,15,19.24
2020-10-28,MSP,WN,FL000001032,23:01:00,02:06:00,185,06:36:00,07:32:00,56,0,0,20,18,239,175,103,3.059,62,44.03
2020-10-29,SEA,AS,FL000001033,23:12:00,23:37:00,25,06:47:00,10:04:00,197,0,0,7,29,77,150,143,10.657,105,18.08
2020-10-30,DTW,AA,FL000001034,23:23:00,02:26:00,183,06:58:00,08:42:00,104,0,0,53,22,378,50,37,7.535,114,68.16
2020-10-31,DTW,DL,FL000001035,23:34:00,01:22:00,108,07:09:00,09:21:00,132,0,0,48,19,280,175,93,4.473,114,76.24
2020-11-01,BOS,G4,FL000001036,23:45:00,01:05:00,80,07:20:00,11:54:00,274,0,0,44,13,286,150,121,4.997,114,11.98
2020-11-02,JFK,HA,FL000001037,23:56:00,01:46:00,110,07:31:00,10:09:00,158,0,0,45,5,358,190,169,1.903,86,73.96
2020-11-03,IAH,WN,FL000001038,05:07:00,08:49:00,222,07:42:00,07:38:00,-4,0,0,59,30,91,90,69,0.312,101,96.82
2020-11-04,DEN,AS,FL000001039,05:18:00,06:10:00,52,07:53:00,08:01:00,8,0,0,41,23,337,160,122,11.901,79,89.79
2020-11-05,FLL,HA,FL000001040,05:29:00,08:41:00,192,08:04:00,12:25:00,261,0,0,27,20,81,220,203,2.688,60,39.6
2020-11-06,ORD,F9,FL000001041,05:40:00,05:38:00,-2,08:15:00,12:19:00,244,0,0,56,25,215,260,196,0.636,17,48.26
2020-11-07,ORD,WN,FL000001042,05:51:00,09:49:00,238,08:26:00,12:59:00,273,0,0,23,27,235,70,49,7.245,99,95.98
2020-11-08,DFW,WN,FL000001043,06:02:00,09:00:00,178,08:37:00,11:44:00,187,0,0,48,28,204,76,74,8.078,119,62.12
2020-11-09,JFK,AA,FL000001044,06:13:00,09:47:00,214,08:48:00,11:13:00,145,0,0,19,8,347,76,56,7.829,101,23.59
2020-11-10,DEN,DL,FL000001045,06:24:00,08:53:00,149,08:59:00,12:44:00,225,0,0,56,18,357,240,170,6.913,0,12.56
2020-11-11,JFK,UA,FL000001046,06:35:00,10:31:00,236,09:10:00,09:35:00,25,0,0,59,16,51,76,46,2.331,10,10.71
2020-11-12,SEA,HA,FL000001047,06:46:00,09:12:00,146,09:21:00,09:57:00,36,0,0,34,5,327,175,106,6.984,24,13.06
2020-11-13,JFK,DL,FL000001048,06:57:00,10:04:00,187,09:32:00,11:48:00,136,0,0,24,6,354,175,156,8.038,33,32.0
2020-11-14,ATL,WN,FL000001049,07:08:00,07:22:00,14,09:43:00,12:52:00,189,0,0,44,11,301,130,92,2.163,97,67.61
2020-11-15,SEA,B6,FL000001050,07:19:00,07:48:00,29,09:54:00,14:32:00,278,0,0,19,22,380,130,104,7.898,96,42.36
2020-11-16,CLT,HA,FL000001051,07:30:00,08:23:00,53,10:05:00,10:06:00,1,0,0,36,5,208,150,81,11.193,43,45.94
2020-11-17,FLL,HA,FL000001052,07:41:00,09:42:00,121,10:16:00,12:31:00,135,0,0,18,16,154,220,203,0.591,52,34.27
2020-11-18,IAH,AS,FL000001053,07:52:00,09:24:00,92,10:27:00,15:19:00,292,0,0,47,29,155,90,87,7.768,106,82.11
2020-11-19,SFO,WN,FL000001054,08:03:00,09:37:00,94,10:38:00,14:00:00,202,0,0,5,16,177,150,87,8.305,112,48.63
2020-11-20,ORD,HA,FL000001055,08:14:00,11:04:00,170,10:49:00,13:57:00,188,0,0,42,18,54,76,49,5.656,48,92.67
2020-11-21,BWI,NK,FL000001056,08:25:00,12:25:00,240,11:00:00,15:57:00,297,0,0,24,20,296,130,90,0.688,54,21.26
2020-11-22,LGA,NK,FL000001057,08:36:00,10:33:00,117,11:11:00,15:16:00,245,0,0,49,16,304,175,141,9.799,51,69.97
2020-11-23,MCO,DL,FL000001058,08:47:00,11:10:00,143,11:22:00,12:41:00,79,0,1,12,27,272,190,149,0.743,86,16.72
2020-11-24,PHX,F9,FL000001059,08:58:00,11:26:00,148,11:33:00,15:07:00,214,0,0,58,11,324,260,248,9.523,11,13.48
2020-11-25,SFO,WN,FL000001060,09:09:00,09:36:00,27,11:44:00,12:02:00,18,0,0,22,20,49,150,99,3.422,33,30.46
2020-11-26,BOS,NK,FL000001061,09:20:00,10:04:00,44,11:55:00,12:08:00,13,0,0,39,17,235,50,30,5.559,61,71.64
2020-11-27,DFW,G4,FL000001062,09:31:00,13:25:00,234,12:06:00,14:54:00,168,0,0,9,18,134,175,99,7.098,78,49.48
2020-11-28,LAS,G4,FL000001063,09:42:00,12:10:00,148,12:17:00,15:57:00,220,0,0,15,8,295,110,101,11.943,94,12.38
2020-11-29,MSP,AA,FL000001064,09:53:00,12:38:00,165,12:28:00,13:04:00,36,0,0,15,14,194,240,125,11.066,66,80.39
2020-11-30,FLL,UA,FL000001065,10:04:00,10:58:00,54,12:39:00,13:23:00,44,0,0,47,11,187,50,38,11.252,65,27.51
2020-12-01,MSP,AS,FL000001066,10:15:00,11:12:00,57,12:50:00,14:05:00,75,0,0,57,27,383,160,129,4.375,37,13.63
2020-12-02,BOS,HA,FL000001067,10:26:00,12:07:00,101,13:01:00,13:35:00,34,0,0,11,13,55,300,238,11.11,105,27.11
2020-12-03,SEA,DL,FL000001068,10:37:00,10:54:00,17,13:12:00,16:37:00,205,0,0,31,3,273,300,168,9.351,37,65.63
2020-12-04,MSP,B6,FL000001069,10:48:00,13:16:00,148,13:23:00,14:38:00,75,0,0,17,7,102,260,252,10.667,104,12.29
2020-12-05,PHX,UA,FL000001070,10:59:00,13:35:00,156,13:34:00,17:48:00,254,0,0,14,26,41,130,102,1.733,5,38.6
2020-12-06,MCO,B6,FL000001071,11:10:00,13:59:00,169,13:45:00,17:48:00,243,0,0,39,13,93,260,149,1.19,37,18.74
2020-12-07,ATL,G4,FL000001072,11:21:00,14:51:00,210,13:56:00,18:35:00,279,0,0,21,5,308,90,57,8.743,9,60.2
2020-12-08,BOS,AA,FL000001073,11:32:00,12:47:00,75,14:07:00,17:07:00,180,0,0,55,6,361,110,79,7.455,117,52.13
2020-12-09,BOS,F9,FL000001074,11:43:00,11:56:00,13,14:18:00,14:35:00,17,0,0,43,21,36,160,156,11.814,62,84.57
2020-12-10,SEA,F9,FL000001075,11:54:00,14:02:00,128,14:29:00,16:18:00,109,0,0,31,18,133,50,24,6.589,85,24.91
2020-12-11,FLL,DL,FL000001076,12:05:00,15:19:00,194,14:40:00,14:28:00,-12,0,0,27,22,375,110,103,4.614,98,58.64
2020-12-12,BWI,UA,FL000001077,12:16:00,14:04:00,108,14:51:00,17:10:00,139,0,0,9,11,100,260,195,3.407,27,20.8
2020-12-13,MCO,DL,FL000001078,12:27:00,12:38:00,11,15:02:00,19:57:00,295,0,0,31,26,59,50,33,3.267,27,88.02
2020-12-14,BOS,HA,FL000001079,12:38:00,16:28:00,230,15:13:00,15:00:00,-13,0,0,27,15,146,70,41,5.529,4,28.28
2020-12-15,EWR,AS,FL000001080,12:49:00,14:45:00,116,15:24:00,16:51:00,87,0,0,37,27,181,70,40,5.786,37,83.06
2020-12-16,SFO,AS,FL000001081,13:00:00,13:29:00,29,15:35:00,19:36:00,241,0,0,17,23,264,175,147,10.973,83,88.08
2020-12-17,ATL,WN,FL000001082,13:11:00,13:46:00,35,15:46:00,16:46:00,60,0,1,34,20,302,160,107,5.989,85,73.14
2020-12-18,IAH,AA,FL000001083,13:22:00,15:19:00,117,15:57:00,20:42:00,285,0,0,30,26,357,90,83,2.107,13,10.43
2020-12-19,SEA,UA,FL000001084,13:33:00,14:32:00,59,16:08:00,17:59:00,111,0,0,53,13,206,175,115,7.169,92,27.32
2020-12-20,DFW,AA,FL000001085,13:44:00,14:23:00,39,16:19:00,16:22:00,3,0,0,16,17,85,90,69,2.063,92,56.89
2020-12-21,LGA,DL,FL000001086,13:55:00,14:57:00,62,16:30:00,19:54:00,204,0,0,5,20,128,300,161,3.34,104,49.91
2020-12-22,BOS,AA,FL000001087,14:06:00,17:31:00,205,16:41:00,19:11:00,150,0,0,27,3,284,300,237,10.982,5,83.2
2020-12-23,LAS,G4,FL000001088,14:17:00,15:45:00,88,16:52:00,21:23:00,271,0,0,24,20,325,300,243,1.62,57,68.06
2020-12-24,LAS,G4,FL000001089,14:28:00,14:33:00,5,17:03:00,19:46:00,163,0,0,54,23,189,240,136,2.191,110,88.61
2020-12-25,BWI,DL,FL000001090,14:39:00,17:33:00,174,17:14:00,21:18:00,244,0,0,29,9,148,160,113,8.993,58,75.74
2020-12-26,ATL,AA,FL000001091,14:50:00,15:45:00,55,17:25:00,17:30:00,5,0,0,55,26,371,70,41,7.109,10,24.92
2020-12-27,SEA,AS,FL000001092,15:01:00,16:37:00,96,17:36:00,18:04:00,28,0,0,12,26,171,150,117,10.329,53,15.25
2020-12-28,LGA,UA,FL000001093,15:12:00,18:22:00,190,17:47:00,17:37:00,-10,0,0,19,29,161,300,243,8.959,70,55.77
2020-12-29,SFO,DL,FL000001094,15:23:00,18:38:00,195,17:58:00,21:37:00,219,0,0,25,25,247,175,150,9.616,102,67.16
2020-12-30,DEN,AA,FL000001095,15:34:00,18:01:00,147,18:09:00,18:04:00,-5,0,0,18,15,43,240,183,10.671,98,21.73
2020-12-31,FLL,G4,FL000001096,15:45:00,19:00:00,195,18:20:00,18:37:00,17,0,0,52,21,139,300,226,1.438,10,70.68
2021-01-01,SFO,F9,FL000001097,15:56:00,18:47:00,171,18:31:00,19:31:00,60,0,0,5,29,324,50,25,1.852,43,21.1
2021-01-02,PHX,AS,FL000001098,16:07:00,17:10:00,63,18:42:00,23:26:00,284,0,0,25,9,242,110,72,9.973,94,97.15
2021-01-03,BOS,G4,FL000001099,16:18:00,16:53:00,35,18:53:00,20:44:00,111,0,0,38,30,290,220,173,5.792,22,65.63
2021-01-04,DEN,DL,FL000001100,16:29:00,17:27:00,58,19:04:00,21:53:00,169,0,0,23,15,148,260,132,10.572,115,84.42
2021-01-05,MSP,B6,FL000001101,16:40:00,18:40:00,120,19:15:00,20:19:00,64,0,0,46,5,109,300,270,1.453,111,97.52
2021-01-06,IAH,AA,FL000001102,16:51:00,16:53:00,2,19:26:00,23:00:00,214,0,0,36,23,206,160,75,7.983,120,44.15
2021-01-07,DTW,B6,FL000001103,17:02:00,17:48:00,46,19:37:00,21:58:00,141,0,0,56,26,280,90,69,9.056,118,80.84
2021-01-08,SEA,AA,FL000001104,17:13:00,19:27:00,134,19:48:00,20:00:00,12,0,0,50,24,335,90,61,4.58,102,51.35
2021-01-09,MCO,G4,FL000001105,17:24:00,21:04:00,220,19:59:00,22:17:00,138,0,0,23,16,212,50,29,4.891,88,38.51
2021-01-10,LGA,G4,FL000001106,17:35:00,20:53:00,198,20:10:00,00:01:00,231,0,0,59,18,355,130,113,10.969,11,22.4
2021-01-11,FLL,B6,FL000001107,17:46:00,19:36:00,110,20:21:00,21:30:00,69,0,0,25,15,93,90,75,10.89,31,75.37
2021-01-12,FLL,F9,FL000001108,17:57:00,19:57:00,120,20:32:00,00:03:00,211,0,0,10,17,118,110,51,0.996,89,82.61
2021-01-13,LGA,F9,FL000001109,18:08:00,19:50:00,102,20:43:00,01:35:00,292,0,0,47,14,71,130,126,11.889,5,56.79
2021-01-14,LAX,NK,FL000001110,18:19:00,20:03:00,104,20:54:00,00:46:00,232,0,0,13,15,334,300,267,5.377,78,62.75
2021-01-15,IAH,B6,FL000001111,18:30:00,20:55:00,145,21:05:00,01:58:00,293,0,0,11,7,273,260,173,3.327,17,10.61
2021-01-16,CLT,AS,FL000001112,18:41:00,21:43:00,182,21:16:00,23:36:00,140,0,0,52,28,163,76,64,4.733,78,70.13
2021-01-17,LGA,DL,FL000001113,18:52:00,20:50:00,118,21:27:00,21:21:00,-6,0,0,38,25,343,70,49,11.061,67,40.94
2021-01-18,LAX,UA,FL000001114,19:03:00,21:14:00,131,21:38:00,23:37:00,119,0,0,47,26,62,160,86,3.259,18,79.12
2021-01-19,CLT,NK,FL000001115,19:14:00,23:13:00,239,21:49:00,22:58:00,69,0,0,52,7,388,70,40,8.835,93,12.06
2021-01-20,SEA,HA,FL000001116,19:25:00,21:59:00,154,22:00:00,02:33:00,273,0,0,16,14,70,90,72,6.586,13,82.39
2021-01-21,ORD,DL,FL000001117,19:36:00,22:23:00,167,22:11:00,00:01:00,110,0,0,31,25,33,160,100,4.67,91,22.53
2021-01-22,ORD,UA,FL000001118,19:47:00,21:59:00,132,22:22:00,00:53:00,151,0,0,13,12,83,130,74,4.396,97,50.52
2021-01-23,MSP,UA,FL000001119,19:58:00,19:59:00,1,22:33:00,01:23:00,170,0,0,24,20,383,90,75,4.173,61,56.03
2021-01-24,CLT,AA,FL000001120,20:09:00,22:57:00,168,22:44:00,02:18:00,214,0,0,32,6,150,190,139,7.882,24,49.11
2021-01-25,LAS,UA,FL000001121,20:20:00,22:19:00,119,22:55:00,03:01:00,246,0,0,35,23,242,175,160,5.904,27,37.21
2021-01-26,MCO,AA,FL000001122,20:31:00,23:52:00,201,23:06:00,01:55:00,169,0,0,34,22,27,130,67,1.084,111,38.14
2021-01-27,ORD,AS,FL000001123,20:42:00,00:10:00,208,23:17:00,23:17:00,0,0,0,41,15,332,220,181,0.471,63,84.27
2021-01-28,ATL,WN,FL000001124,20:53:00,23:01:00,128,23:28:00,04:04:00,276,0,0,19,29,88,50,46,1.047,15,86.95
2021-01-29,SEA,B6,FL000001125,21:04:00,00:32:00,208,23:39:00,04:13:00,274,0,0,15,7,137,150,108,11.867,68,78.54
2021-01-30,CLT,NK,FL000001126,21:15:00,22:56:00,101,23:50:00,00:13:00,23,0,0,36,3,260,240,123,2.626,105,73.52
2021-01-31,DFW,G4,FL000001127,21:26:00,22:06:00,40,00:01:00,01:07:00,66,0,0,59,25,33,260,131,10.996,52,66.21
2021-02-01,CLT,AS,FL000001128,21:37:00,01:21:00,224,00:12:00,00:20:00,8,0,0,25,4,368,240,128,3.473,93,79.49
2021-02-02,MSP,WN,FL000001129,21:48:00,21:56:00,8,00:23:00,00:47:00,24,0,0,38,7,186,50,29,6.945,24,59.6
2021-02-03,PHX,F9,FL000001130,21:59:00,22:10:00,11,00:34:00,03:05:00,151,0,0,51,4,310,260,149,0.795,52,64.29
2021-02-04,LAX,HA,FL000001131,22:10:00,00:53:00,163,00:45:00,04:03:00,198,0,0,23,18,80,300,182,2.391,106,73.97
2021-02-05,BOS,AS,FL000001132,22:21:00,01:02:00,161,00:56:00,02:27:00,91,0,0,10,17,223,190,115,6.559,33,49.06
2021-02-06,FLL,NK,FL000001133,22:32:00,01:53:00,201,06:07:00,09:46:00,219,0,0,29,4,390,160,135,9.626,108,75.8
2021-02-07,SEA,G4,FL000001134,22:43:00,23:40:00,57,06:18:00,06:37:00,19,0,0,6,3,269,175,143,7.239,110,84.96
2021-02-08,LAX,G4,FL000001135,22:54:00,00:46:00,112,06:29:00,09:17:00,168,0,0,13,5,370,160,75,5.199,38,62.65
2021-02-09,DEN,F9,FL000001136,23:05:00,02:38:00,213,06:40:00,10:13:00,213,0,0,49,16,343,260,168,8.252,107,74.85
2021-02-10,LAS,F9,FL000001137,23:16:00,01:34:00,138,06:51:00,09:15:00,144,0,0,12,17,195,90,75,2.091,29,13.54
2021-02-11,MCO,AS,FL000001138,23:27:00,01:46:00,139,07:02:00,07:38:00,36,0,0,14,8,349,130,77,0.335,73,90.38
2021-02-12,MSP,NK,FL000001139,23:38:00,02:37:00,179,07:13:00,11:22:00,249,0,0,18,24,331,240,186,11.721,70,96.77
2021-02-13,BOS,HA,FL000001140,23:49:00,01:12:00,83,07:24:00,11:13:00,229,0,0,28,24,251,160,121,9.852,44,92.98
2021-02-14,LAX,B6,FL000001141,05:00:00,07:48:00,168,07:35:00,09:54:00,139,0,0,41,9,79,50,44,11.793,5,15.35
2021-02-15,ORD,WN,FL000001142,05:11:00,08:27:00,196,07:46:00,08:52:00,66,0,0,35,22,101,50,49,11.274,77,75.84
2021-02-16,JFK,WN,FL000001143,05:22:00,05:54:00,32,07:57:00,12:18:00,261,0,0,22,16,355,240,228,1.094,103,87.06
2021-02-17,LGA,B6,FL000001144,05:33:00,06:05:00,32,08:08:00,12:23:00,255,0,0,26,28,142,240,187,2.279,43,35.16
2021-02-18,MCO,F9,FL000001145,05:44:00,06:25:00,41,08:19:00,09:39:00,80,0,0,24,13,277,160,119,2.694,87,95.06
2021-02-19,BWI,HA,FL000001146,05:55:00,08:33:00,158,08:30:00,12:36:00,246,0,0,5,26,308,220,156,4.271,8,14.03
2021-02-20,MCO,B6,FL000001147,06:06:00,06:24:00,18,08:41:00,11:24:00,163,0,0,54,13,376,175,145,10.41,76,94.16
2021-02-21,SEA,G4,FL000001148,06:17:00,06:23:00,6,08:52:00,10:08:00,76,0,0,51,9,99,110,103,2.058,66,66.77
2021-02-22,BOS,HA,FL000001149,06:28:00,06:53:00,25,09:03:00,13:01:00,238,0,0,34,15,295,190,154,11.287,57,30.11
2021-02-23,EWR,G4,FL000001150,06:39:00,07:27:00,48,09:14:00,13:07:00,233,0,0,25,26,40,150,111,9.522,6,30.34
2021-02-24,MCO,B6,FL000001151,06:50:00,07:59:00,69,09:25:00,09:46:00,21,0,0,39,15,177,220,120,3.831,39,15.03
2021-02-25,LAS,WN,FL000001152,07:01:00,10:07:00,186,09:36:00,10:58:00,82,0,0,35,28,106,70,48,2.28,107,86.44
2021-02-26,LAS,F9,FL000001153,07:12:00,07:22:00,10,09:47:00,12:57:00,190,0,0,28,5,186,110,106,11.077,25,31.45
2021-02-27,DEN,WN,FL000001154,07:23:00,09:32:00,129,09:58:00,10:45:00,47,0,0,8,27,174,220,138,11.421,18,25.85
2021-02-28,PHX,G4,FL000001155,07:34:00,10:42:00,188,10:09:00,15:08:00,299,0,0,35,3,115,175,100,4.43,42,25.33
2021-03-01,EWR,G4,FL000001156,07:45:00,09:34:00,109,10:20:00,11:54:00,94,0,0,11,13,380,175,154,10.343,81,55.15
2021-03-02,CLT,HA,FL000001157,07:56:00,10:20:00,144,10:31:00,13:31:00,180,0,0,34,20,81,70,40,3.684,103,34.95
2021-03-03,IAH,AS,FL000001158,08:07:00,08:46:00,39,10:42:00,12:16:00,94,0,0,13,24,355,150,142,11.167,107,71.97
2021-03-04,ATL,AA,FL000001159,08:18:00,12:16:00,238,10:53:00,14:05:00,192,0,0,8,20,202,130,96,4.257,72,58.63
2021-03-05,MSP,DL,FL000001160,08:29:00,11:30:00,181,11:04:00,14:38:00,214,0,0,59,17,158,76,52,4.452,102,92.5
2021-03-06,CLT,B6,FL000001161,08:40:00,10:37:00,117,11:15:00,11:06:00,-9,0,0,22,6,368,110,78,7.743,34,93.78
2021-03-07,LAX,AA,FL000001162,08:51:00,09:26:00,35,11:26:00,12:17:00,51,0,0,6,29,78,175,114,9.864,16,44.0
2021-03-08,DFW,UA,FL000001163,09:02:00,11:11:00,129,11:37:00,12:31:00,54,0,0,45,20,62,130,86,7.471,8,27.47
2021-03-09,JFK,HA,FL000001164,09:13:00,10:12:00,59,11:48:00,14:54:00,186,0,0,31,6,326,260,214,3.793,89,27.98
2021-03-10,LGA,UA,FL000001165,09:24:00,11:19:00,115,11:59:00,16:38:00,279,0,0,6,27,69,240,211,3.586,89,27.55
2021-03-11,JFK,NK,FL000001166,09:35:00,10:39:00,64,12:10:00,13:35:00,85,0,0,24,13,372,130,78,3.509,117,96.59
2021-03-12,IAH,DL,FL000001167,09:46:00,13:24:00,218,12:21:00,14:56:00,155,0,0,19,11,89,300,192,6.74,81,63.2
2021-03-13,ATL,G4,FL000001168,09:57:00,11:12:00,75,12:32:00,12:58:00,26,0,0,42,25,288,260,142,3.45,38,93.95
2021-03-14,IAH,UA,FL000001169,10:08:00,12:49:00,161,12:43:00,15:49:00,186,0,0,40,25,99,260,205,3.399,26,89.0
2021-03-15,DFW,WN,FL000001170,10:19:00,10:22:00,3,12:54:00,16:36:00,222,0,0,24,19,340,240,126,1.178,55,24.46
2021-03-16,LAS,F9,FL000001171,10:30:00,10:34:00,4,13:05:00,17:48:00,283,0,0,44,18,191,160,148,1.104,86,46.75
2021-03-17,CLT,UA,FL000001172,10:41:00,11:23:00,42,13:16:00,14:42:00,86,0,0,32,26,119,110,98,0.733,108,38.63
2021-03-18,MSP,UA,FL000001173,10:52:00,14:39:00,227,13:27:00,18:21:00,294,0,0,45,11,317,150,96,1.172,74,24.84
2021-03-19,DEN,AS,FL000001174,11:03:00,12:14:00,71,13:38:00,13:38:00,0,0,0,32,14,95,240,149,11.169,12,88.55
2021-03-20,LAX,G4,FL000001175,11:14:00,13:26:00,132,13:49:00,16:13:00,144,0,0,9,24,254,175,149,8.764,36,21.26
2021-03-21,LGA,WN,FL000001176,11:25:00,13:21:00,116,14:00:00,14:49:00,49,0,0,28,28,306,110,87,9.673,79,61.39
2021-03-22,JFK,AA,FL000001177,11:36:00,13:19:00,103,14:11:00,16:15:00,124,0,0,12,21,205,150,103,9.43,67,87.63
2021-03-23,SEA,NK,FL000001178,11:47:00,15:08:00,201,14:22:00,17:20:00,178,0,0,16,24,263,70,36,2.422,120,89.53
2021-03-24,SEA,WN,FL000001179,11:58:00,14:09:00,131,14:33:00,17:28:00,175,0,0,30,29,143,130,96,10.158,65,45.56
2021-03-25,DFW,AS,FL000001180,12:09:00,14:57:00,168,14:44:00,14:39:00,-5,0,0,54,25,282,175,100,8.631,111,15.33
2021-03-26,LAS,F9,FL000001181,12:20:00,15:21:00,181,14:55:00,19:39:00,284,0,0,9,11,140,50,43,3.043,90,89.53
2021-03-27,SFO,NK,FL000001182,12:31:00,12:28:00,-3,15:06:00,19:11:00,245,0,0,6,12,66,160,123,8.399,72,94.54
2021-03-28,MSP,NK,FL000001183,12:42:00,16:00:00,198,15:17:00,20:02:00,285,0,0,31,24,99,240,115,6.504,12,74.8
2021-03-29,ATL,F9,FL000001184,12:53:00,15:30:00,157,15:28:00,19:20:00,232,0,0,14,18,280,90,48,5.225,119,31.32
2021-03-30,DFW,G4,FL000001185,13:04:00,16:09:00,185,15:39:00,17:24:00,105,0,0,20,24,109,150,143,0.555,57,32.92
2021-03-31,SEA,F9,FL000001186,13:15:00,15:51:00,156,15:50:00,18:28:00,158,0,0,34,25,109,130,121,7.98,64,44.43
2021-04-01,BOS,F9,FL000001187,13:26:00,15:32:00,126,16:01:00,19:40:00,219,0,0,8,23,112,76,70,5.961,39,15.93
2021-04-02,LGA,F9,FL000001188,13:37:00,14:18:00,41,16:12:00,19:55:00,223,0,0,26,6,160,50,36,4.757,9,40.81
2021-04-03,LAX,WN,FL000001189,13:48:00,16:41:00,173,16:23:00,16:35:00,12,0,0,33,5,269,150,94,11.789,93,63.25
2021-04-04,LAX,NK,FL000001190,13:59:00,15:57:00,118,16:34:00,20:48:00,254,0,0,29,28,335,70,38,9.999,41,64.03
2021-04-05,JFK,WN,FL000001191,14:10:00,16:12:00,122,16:45:00,20:42:00,237,0,0,15,11,285,70,32,7.964,71,39.39
2021-04-06,DFW,HA,FL000001192,14:21:00,16:29:00,128,16:56:00,17:58:00,62,0,0,10,6,129,90,62,9.308,12,47.39
2021-04-07,PHX,DL,FL000001193,14:32:00,17:49:00,197,17:07:00,21:59:00,292,0,0,24,25,256,110,76,0.973,83,12.3
2021-04-08,BOS,DL,FL000001194,14:43:00,16:35:00,112,17:18:00,17:19:00,1,0,0,29,22,92,150,127,4.482,94,34.75
2021-04-09,CLT,F9,FL000001195,14:54:00,18:46:00,232,17:29:00,19:32:00,123,0,0,9,7,286,76,46,3.932,69,30.33
2021-04-10,CLT,AA,FL000001196,15:05:00,17:14:00,129,17:40:00,18:01:00,21,0,0,29,30,289,260,217,3.18,7,58.27
2021-04-11,SEA,F9,FL000001197,15:16:00,19:01:00,225,17:51:00,21:00:00,189,0,0,38,28,335,300,153,0.362,97,63.8
2021-04-12,DTW,WN,FL000001198,15:27:00,15:23:00,-4,18:02:00,20:47:00,165,0,0,21,12,54,220,211,7.808,104,76.71
2021-04-13,ORD,F9,FL000001199,15:38:00,17:40:00,122,18:13:00,22:42:00,269,0,0,7,24,70,300,190,5.889,110,13.55
2021-04-14,ORD,WN,FL000001200,15:49:00,18:14:00,145,18:24:00,23:00:00,276,0,0,30,6,362,90,86,0.497,84,27.66
2021-04-15,FLL,F9,FL000001201,16:00:00,17:07:00,67,18:35:00,21:13:00,158,0,0,30,16,198,90,57,3.902,78,52.34
2021-04-16,DFW,F9,FL000001202,16:11:00,16:10:00,-1,18:46:00,20:20:00,94,0,0,27,22,90,90,57,8.671,4,73.39
2021-04-17,SEA,WN,FL000001203,16:22:00,16:35:00,13,18:57:00,20:04:00,67,0,0,33,7,204,50,38,10.782,8,17.66
2021-04-18,SFO,NK,FL000001204,16:33:00,20:15:00,222,19:08:00,21:28:00,140,0,0,28,27,319,190,151,5.939,85,64.91
2021-04-19,FLL,HA,FL000001205,16:44:00,20:07:00,203,19:19:00,00:10:00,291,0,0,50,28,359,110,62,8.041,70,86.27
2021-04-20,SFO,F9,FL000001206,16:55:00,20:02:00,187,19:30:00,21:52:00,142,0,0,23,18,191,150,79,2.475,41,43.48
2021-04-21,IAH,G4,FL000001207,17:06:00,17:38:00,32,19:41:00,22:46:00,185,0,0,7,10,68,130,118,7.585,18,82.87
2021-04-22,MCO,G4,FL000001208,17:17:00,17:18:00,1,19:52:00,21:42:00,110,0,0,28,30,334,150,111,4.618,39,36.83
2021-04-23,JFK,NK,FL000001209,17:28:00,20:35:00,187,20:03:00,20:59:00,56,0,0,10,28,99,190,144,3.801,108,41.59
2021-04-24,ORD,UA,FL000001210,17:39:00,21:33:00,234,20:14:00,00:31:00,257,0,0,58,15,355,300,281,3.883,0,41.15
2021-04-25,FLL,AS,FL000001211,17:50:00,19:00:00,70,20:25:00,23:42:00,197,0,0,46,19,377,90,53,2.385,107,42.24
2021-04-26,EWR,AA,FL000001212,18:01:00,18:23:00,22,20:36:00,21:57:00,81,0,0,10,16,308,150,82,1.64,99,57.03
2021-04-27,ATL,UA,FL000001213,18:12:00,21:58:00,226,20:47:00,21:38:00,51,0,0,57,22,330,175,95,0.831,35,82.88
2021-04-28,LGA,G4,FL000001214,18:23:00,18:40:00,17,20:58:00,22:00:00,62,0,0,28,10,58,190,131,1.696,96,93.32
2021-04-29,DFW,HA,FL000001215,18:34:00,22:12:00,218,21:09:00,22:14:00,65,0,0,55,30,351,50,41,0.386,15,64.04
2021-04-30,DFW,UA,FL000001216,18:45:00,19:58:00,73,21:20:00,23:16:00,116,0,0,57,29,308,70,45,5.885,108,66.93
2021-05-01,DTW,AS,FL000001217,18:56:00,22:31:00,215,21:31:00,21:48:00,17,0,0,43,5,349,300,209,4.249,115,83.95
2021-05-02,CLT,HA,FL000001218,19:07:00,20:10:00,63,21:42:00,00:29:00,167,0,0,6,5,254,76,53,8.785,116,21.88
2021-05-03,BWI,AA,FL000001219,19:18:00,22:10:00,172,21:53:00,00:34:00,161,0,0,55,25,234,76,37,4.28,85,22.38
2021-05-04,DFW,NK,FL000001220,19:29:00,20:03:00,34,22:04:00,02:04:00,240,0,0,28,23,244,90,42,10.51,66,42.03
2021-05-05,LAS,G4,FL000001221,19:40:00,21:20:00,100,22:15:00,01:20:00,185,0,0,7,24,327,70,41,9.077,53,91.84
2021-05-06,MCO,WN,FL000001222,19:51:00,23:31:00,220,22:26:00,00:29:00,123,0,0,22,19,257,175,140,6.086,93,56.17
2021-05-07,CLT,AA,FL000001223,20:02:00,21:39:00,97,22:37:00,03:12:00,275,0,0,6,19,81,240,217,2.188,31,10.24
2021-05-08,SFO,DL,FL000001224,20:13:00,22:15:00,122,22:48:00,03:09:00,261,0,0,49,26,329,110,56,4.549,64,42.16
2021-05-09,MSP,B6,FL000001225,20:24:00,23:49:00,205,22:59:00,03:50:00,291,0,0,31,30,137,130,89,0.589,67,70.9
2021-05-10,ATL,G4,FL000001226,20:35:00,23:14:00,159,23:10:00,01:12:00,122,0,0,44,19,137,190,153,8.146,15,89.03
2021-05-11,DEN,DL,FL000001227,20:46:00,20:56:00,10,23:21:00,00:17:00,56,0,0,30,28,244,50,40,2.791,57,95.94
2021-05-12,LGA,F9,FL000001228,20:57:00,00:14:00,197,23:32:00,03:56:00,264,0,0,38,27,368,150,80,1.091,11,11.5
2021-05-13,EWR,UA,FL000001229,21:08:00,22:32:00,84,23:43:00,03:03:00,200,0,0,53,27,66,175,124,3.653,73,88.0
2021-05-14,BOS,F9,FL000001230,21:19:00,23:37:00,138,23:54:00,04:16:00,262,0,0,26,16,31,76,41,4.255,15,83.43
2021-05-15,LAX,DL,FL000001231,21:30:00,01:10:00,220,00:05:00,03:51:00,226,0,0,5,26,223,76,49,9.363,17,19.2
2021-05-16,SFO,AS,FL000001232,21:41:00,01:35:00,234,00:16:00,01:20:00,64,0,0,8,9,60,260,141,1.717,91,21.56
2021-05-17,LAX,UA,FL000001233,21:52:00,01:50:00,238,00:27:00,03:33:00,186,0,0,31,11,379,160,82,11.529,36,76.58
2021-05-18,BOS,WN,FL000001234,22:03:00,01:57:00,234,00:38:00,02:45:00,127,0,0,44,15,217,220,212,7.149,54,79.64
2021-05-19,DTW,G4,FL000001235,22:14:00,00:31:00,137,00:49:00,02:55:00,126,0,0,55,14,170,150,136,6.783,100,96.6
2021-05-20,IAH,B6,FL000001236,22:25:00,23:24:00,59,06:00:00,08:47:00,167,0,0,9,15,56,300,181,10.593,108,83.64
2021-05-21,PHX,HA,FL000001237,22:36:00,23:43:00,67,06:11:00,10:26:00,255,0,0,17,14,269,260,223,2.627,102,32.36
2021-05-22,ATL,G4,FL000001238,22:47:00,02:18:00,211,06:22:00,07:28:00,66,0,0,24,5,335,76,55,0.699,42,63.8
2021-05-23,FLL,NK,FL000001239,22:58:00,23:13:00,15,06:33:00,09:55:00,202,0,0,49,28,94,76,57,1.019,89,22.76
2021-05-24,BOS,F9,FL000001240,23:09:00,02:42:00,213,06:44:00,07:36:00,52,0,0,5,11,63,160,81,4.96,24,17.47
2021-05-25,EWR,DL,FL000001241,23:20:00,01:28:00,128,06:55:00,10:43:00,228,0,0,38,7,303,50,35,6.703,15,25.95
2021-05-26,LAS,WN,FL000001242,23:31:00,01:13:00,102,07:06:00,08:00:00,54,0,0,23,17,229,220,190,10.367,77,76.62
2021-05-27,DEN,NK,FL000001243,23:42:00,01:02:00,80,07:17:00,10:47:00,210,0,0,33,24,389,300,180,2.144,28,41.69
2021-05-28,BWI,WN,FL000001244,23:53:00,00:11:00,18,07:28:00,11:02:00,214,0,0,57,25,161,300,200,1.095,57,87.54
2021-05-29,SEA,F9,FL000001245,05:04:00,07:58:00,174,07:39:00,12:33:00,294,0,0,24,8,383,300,152,8.655,96,41.86
2021-05-30,LGA,AS,FL000001246,05:15:00,05:40:00,25,07:50:00,09:13:00,83,0,0,26,7,321,160,98,6.859,23,50.37
2021-05-31,IAH,AS,FL000001247,05:26:00,06:29:00,63,08:01:00,11:33:00,212,0,0,54,17,269,110,57,1.921,71,77.13
2021-06-01,DEN,AS,FL000001248,05:37:00,08:59:00,202,08:12:00,09:30:00,78,0,0,50,21,389,76,69,11.834,6,69.19
2021-06-02,JFK,B6,FL000001249,05:48:00,08:01:00,133,08:23:00,11:12:00,169,0,0,24,3,246,70,49,1.061,52,32.76
2021-06-03,ORD,UA,FL000001250,05:59:00,06:21:00,22,08:34:00,11:20:00,166,0,0,27,26,227,130,75,3.97,110,36.77
2021-06-04,SFO,G4,FL000001251,06:10:00,09:18:00,188,08:45:00,10:55:00,130,0,0,28,26,389,90,51,3.899,89,93.37
2021-06-05,SFO,B6,FL000001252,06:21:00,10:17:00,236,08:56:00,09:49:00,53,0,0,14,9,91,175,93,11.856,22,47.76
2021-06-06,EWR,G4,FL000001253,06:32:00,09:19:00,167,09:07:00,08:52:00,-15,0,0,45,18,350,76,46,0.49,67,91.01
2021-06-07,BWI,G4,FL000001254,06:43:00,09:02:00,139,09:18:00,10:18:00,60,1,0,14,23,292,90,56,0.549,3,19.79
2021-06-08,DEN,F9,FL000001255,06:54:00,07:48:00,54,09:29:00,11:20:00,111,0,0,55,11,84,110,77,8.283,106,85.52
2021-06-09,LAX,AA,FL000001256,07:05:00,09:26:00,141,09:40:00,09:26:00,-14,0,0,18,5,59,175,165,2.353,60,16.43
2021-06-10,LGA,AS,FL000001257,07:16:00,10:13:00,177,09:51:00,09:53:00,2,0,0,51,19,142,240,206,6.102,83,58.47
2021-06-11,LGA,HA,FL000001258,07:27:00,09:19:00,112,10:02:00,14:28:00,266,0,0,48,24,212,110,60,4.593,99,82.9
2021-06-12,MSP,UA,FL000001259,07:38:00,08:27:00,49,10:13:00,09:58:00,-15,0,0,59,21,277,160,79,6.33,47,55.26
2021-06-13,CLT,UA,FL000001260,07:49:00,11:19:00,210,10:24:00,11:20:00,56,0,0,23,29,49,50,26,7.518,116,94.31
2021-06-14,LGA,WN,FL000001261,08:00:00,10:14:00,134,10:35:00,15:25:00,290,0,0,48,16,293,220,186,7.941,108,82.35
2021-06-15,SFO,G4,FL000001262,08:11:00,10:49:00,158,10:46:00,14:36:00,230,0,0,16,26,226,50,26,6.854,70,87.09
2021-06-16,DEN,HA,FL000001263,08:22:00,08:57:00,35,10:57:00,11:09:00,12,0,0,25,23,233,76,42,9.055,24,50.9
2021-06-17,SEA,AS,FL000001264,08:33:00,10:44:00,131,11:08:00,12:57:00,109,0,0,26,26,373,190,162,7.107,12,14.79
2021-06-18,MCO,DL,FL000001265,08:44:00,12:41:00,237,11:19:00,13:28:00,129,0,0,31,18,121,260,140,0.732,49,61.75
2021-06-19,BOS,F9,FL000001266,08:55:00,11:57:00,182,11:30:00,11:26:00,-4,0,0,57,19,165,70,68,0.57,84,93.34
2021-06-20,ORD,NK,FL000001267,09:06:00,11:54:00,168,11:41:00,13:37:00,116,0,0,59,5,223,130,73,3.403,55,39.52
2021-06-21,SEA,UA,FL000001268,09:17:00,11:23:00,126,11:52:00,15:58:00,246,0,0,38,29,221,160,112,6.654,120,24.82
2021-06-22,LAS,UA,FL000001269,09:28:00,13:02:00,214,12:03:00,16:20:00,257,0,0,22,18,258,50,35,1.176,0,54.44
2021-06-23,MCO,WN,FL000001270,09:39:00,11:49:00,130,12:14:00,17:09:00,295,0,0,49,5,168,110,63,2.587,16,59.84
2021-06-24,PHX,F9,FL000001271,09:50:00,09:44:00,-6,12:25:00,15:28:00,183,0,0,12,8,273,220,198,1.755,9,51.25
2021-06-25,JFK,G4,FL000001272,10:01:00,10:08:00,7,12:36:00,14:38:00,122,0,0,23,24,200,110,90,9.304,113,49.68
2021-06-26,FLL,AA,FL000001273,10:12:00,13:19:00,187,12:47:00,16:17:00,210,0,0,38,10,311,260,186,3.654,80,73.83
2021-06-27,DFW,AS,FL000001274,10:23:00,12:48:00,145,12:58:00,15:28:00,150,0,0,45,26,313,50,25,0.503,65,86.79
2021-06-28,JFK,AS,FL000001275,10:34:00,12:35:00,121,13:09:00,16:58:00,229,0,0,60,21,205,300,187,3.876,32,90.26
2021-06-29,SFO,B6,FL000001276,10:45:00,12:23:00,98,13:20:00,15:20:00,120,0,0,7,4,134,175,132,10.534,82,34.91
2021-06-30,MSP,F9,FL000001277,10:56:00,11:53:00,57,13:31:00,16:22:00,171,0,0,52,20,313,300,164,8.789,103,92.47
2021-07-01,SFO,NK,FL000001278,11:07:00,14:16:00,189,13:42:00,13:58:00,16,0,0,34,25,58,76,35,10.628,75,50.02
2021-07-02,IAH,F9,FL000001279,11:18:00,13:22:00,124,13:53:00,16:45:00,172,0,0,5,29,283,175,125,6.432,72,87.06
2021-07-03,DTW,WN,FL000001280,11:29:00,14:28:00,179,14:04:00,14:31:00,27,0,0,33,17,225,90,65,1.08,70,24.69
2021-07-04,MCO,NK,FL000001281,11:40:00,14:17:00,157,14:15:00,17:26:00,191,1,0,11,6,270,76,38,6.412,44,21.02
2021-07-05,CLT,WN,FL000001282,11:51:00,15:12:00,201,14:26:00,17:53:00,207,0,0,43,24,154,70,63,1.759,87,23.95
2021-07-06,JFK,DL,FL000001283,12:02:00,13:06:00,64,14:37:00,17:23:00,166,0,0,43,19,390,110,75,7.587,96,55.24
2021-07-07,FLL,NK,FL000001284,12:13:00,13:29:00,76,14:48:00,16:50:00,122,0,0,22,5,64,76,65,4.221,77,94.22
2021-07-08,DEN,F9,FL000001285,12:24:00,12:41:00,17,14:59:00,15:57:00,58,0,0,55,24,294,260,149,5.949,107,68.14
2021-07-09,BWI,AS,FL000001286,12:35:00,15:58:00,203,15:10:00,17:15:00,125,0,0,59,21,54,50,44,10.177,45,23.29
2021-07-10,EWR,AS,FL000001287,12:46:00,15:42:00,176,15:21:00,18:40:00,199,0,0,9,17,360,76,51,0.288,114,72.45
2021-07-11,CLT,B6,FL000001288,12:57:00,15:26:00,149,15:32:00,15:51:00,19,0,0,41,22,195,70,54,7.87,100,45.39
2021-07-12,DEN,F9,FL000001289,13:08:00,16:15:00,187,15:43:00,18:44:00,181,0,0,19,30,65,110,97,9.901,80,22.81
2021-07-13,DTW,AA,FL000001290,13:19:00,14:40:00,81,15:54:00,18:58:00,184,0,0,25,16,338,190,133,3.574,39,27.33
2021-07-14,LAS,F9,FL000001291,13:30:00,16:45:00,195,16:05:00,19:24:00,199,0,0,50,14,30,300,219,11.591,60,81.04
2021-07-15,MCO,DL,FL000001292,13:41:00,17:08:00,207,16:16:00,18:26:00,130,0,0,15,3,315,76,51,5.916,95,22.75
2021-07-16,LAS,G4,FL000001293,13:52:00,16:53:00,181,16:27:00,19:49:00,202,0,0,13,5,351,130,65,6.052,33,77.2
2021-07-17,IAH,AA,FL000001294,14:03:00,16:49:00,166,16:38:00,18:55:00,137,0,0,41,21,267,130,68,6.16,89,88.6
2021-07-18,MSP,NK,FL000001295,14:14:00,18:06:00,232,16:49:00,20:12:00,203,0,0,27,23,45,220,193,0.348,25,95.62
2021-07-19,DFW,B6,FL000001296,14:25:00,16:32:00,127,17:00:00,20:41:00,221,0,0,54,8,214,220,114,10.237,118,89.29
2021-07-20,DEN,DL,FL000001297,14:36:00,15:25:00,49,17:11:00,17:02:00,-9,0,0,24,28,359,190,93,9.696,62,73.75
2021-07-21,EWR,WN,FL000001298,14:47:00,15:29:00,42,17:22:00,19:00:00,98,0,0,7,20,32,110,71,5.309,0,13.29
2021-07-22,FLL,B6,FL000001299,14:58:00,17:14:00,136,17:33:00,20:06:00,153,0,0,60,7,118,175,112,1.236,9,40.04
2021-07-23,EWR,DL,FL000001300,15:09:00,18:16:00,187,17:44:00,19:35:00,111,0,0,35,28,376,175,92,1.547,117,49.41
2021-07-24,DTW,B6,FL000001301,15:20:00,18:25:00,185,17:55:00,22:51:00,296,1,0,38,7,314,220,122,2.507,24,19.76
2021-07-25,EWR,F9,FL000001302,15:31:00,18:52:00,201,18:06:00,22:31:00,265,1,0,48,12,87,240,139,9.123,19,44.42
2021-07-26,ORD,F9,FL000001303,15:42:00,18:58:00,196,18:17:00,18:26:00,9,0,0,43,17,193,150,135,0.742,70,70.42
2021-07-27,DTW,AS,FL000001304,15:53:00,15:59:00,6,18:28:00,21:21:00,173,0,0,23,22,373,220,204,5.498,36,50.65
2021-07-28,DTW,HA,FL000001305,16:04:00,17:37:00,93,18:39:00,21:38:00,179,0,0,37,13,303,160,119,7.602,31,95.01
2021-07-29,IAH,B6,FL000001306,16:15:00,18:33:00,138,18:50:00,19:07:00,17,0,0,59,12,349,190,99,10.781,60,47.21
2021-07-30,EWR,HA,FL000001307,16:26:00,17:47:00,81,19:01:00,22:23:00,202,0,0,5,10,32,90,66,5.865,8,91.22
2021-07-31,PHX,HA,FL000001308,16:37:00,16:49:00,12,19:12:00,23:04:00,232,0,0,50,29,315,220,103,10.219,9,68.34
2021-08-01,DEN,UA,FL000001309,16:48:00,17:57:00,69,19:23:00,00:12:00,289,0,0,16,10,230,70,65,3.03,84,89.63
2021-08-02,PHX,NK,FL000001310,16:59:00,19:07:00,128,19:34:00,00:16:00,282,0,0,6,16,239,260,165,9.461,108,46.48
2021-08-03,IAH,AA,FL000001311,17:10:00,18:55:00,105,19:45:00,00:38:00,293,0,0,17,16,206,150,114,6.415,94,35.28
2021-08-04,MCO,AA,FL000001312,17:21:00,20:14:00,173,19:56:00,00:43:00,287,0,0,6,4,351,76,71,3.195,120,39.54
2021-08-05,SEA,NK,FL000001313,17:32:00,19:24:00,112,20:07:00,01:07:00,300,0,0,33,25,75,220,144,0.684,118,95.32
2021-08-06,SEA,G4,FL000001314,17:43:00,20:17:00,154,20:18:00,21:07:00,49,0,0,44,11,211,50,25,11.961,76,17.99
2021-08-07,DEN,HA,FL000001315,17:54:00,20:50:00,176,20:29:00,23:03:00,154,0,0,56,7,139,220,163,5.471,58,80.63
2021-08-08,FLL,AA,FL000001316,18:05:00,20:46:00,161,20:40:00,23:21:00,161,0,0,54,26,28,175,170,9.777,1,19.05
2021-08-09,LAX,G4,FL000001317,18:16:00,21:29:00,193,20:51:00,00:21:00,210,0,0,20,27,264,50,46,6.487,104,34.27
2021-08-10,CLT,UA,FL000001318,18:27:00,20:19:00,112,21:02:00,23:17:00,135,0,0,48,12,166,110,96,10.01,79,93.83
2021-08-11,LAS,AA,FL000001319,18:38:00,22:04:00,206,21:13:00,00:45:00,212,0,0,57,21,151,70,56,10.934,32,45.99
2021-08-12,LAX,B6,FL000001320,18:49:00,20:05:00,76,21:24:00,00:53:00,209,0,1,40,26,267,160,120,9.658,91,16.43
2021-08-13,JFK,WN,FL000001321,19:00:00,21:11:00,131,21:35:00,23:27:00,112,0,0,16,20,293,300,157,2.008,51,17.87
2021-08-14,MCO,NK,FL000001322,19:11:00,19:48:00,37,21:46:00,21:33:00,-13,0,0,18,18,212,130,95,2.009,33,67.62
2021-08-15,SEA,G4,FL000001323,19:22:00,20:36:00,74,21:57:00,21:48:00,-9,0,0,45,8,378,240,140,7.039,9,32.8
2021-08-16,JFK,DL,FL000001324,19:33:00,19:41:00,8,22:08:00,23:47:00,99,0,0,14,20,129,90,62,6.335,42,42.55
2021-08-17,SFO,DL,FL000001325,19:44:00,19:44:00,0,22:19:00,02:44:00,265,0,0,50,4,147,50,27,8.042,41,45.95
2021-08-18,BOS,AS,FL000001326,19:55:00,23:31:00,216,22:30:00,23:20:00,50,0,0,43,10,127,190,154,8.241,27,51.13
2021-08-19,JFK,AS,FL000001327,20:06:00,21:58:00,112,22:41:00,00:41:00,120,0,0,26,16,237,90,83,10.031,18,78.65
2021-08-20,ORD,F9,FL000001328,20:17:00,22:07:00,110,22:52:00,02:58:00,246,0,0,33,3,35,260,152,7.511,102,45.52
2021-08-21,BOS,DL,FL000001329,20:28:00,21:28:00,60,23:03:00,03:50:00,287,0,0,60,11,144,76,45,0.315,7,39.62
2021-08-22,LAX,WN,FL000001330,20:39:00,23:26:00,167,23:14:00,03:09:00,235,0,0,51,29,234,240,112,5.588,0,82.37
2021-08-23,EWR,WN,FL000001331,20:50:00,23:12:00,142,23:25:00,03:39:00,254,0,0,52,29,68,190,145,0.988,75,56.2
2021-08-24,DTW,WN,FL000001332,21:01:00,00:34:00,213,23:36:00,23:53:00,17,0,0,5,6,124,110,86,8.773,18,20.48
2021-08-25,JFK,F9,FL000001333,21:12:00,22:34:00,82,23:47:00,03:17:00,210,0,0,43,11,284,160,82,2.691,74,39.04
2021-08-26,FLL,HA,FL000001334,21:23:00,23:07:00,104,23:58:00,01:17:00,79,0,0,7,28,331,160,76,1.461,89,57.07
2021-08-27,FLL,UA,FL000001335,21:34:00,01:30:00,236,00:09:00,04:40:00,271,0,0,38,19,237,190,141,7.347,23,93.75
2021-08-28,SEA,AA,FL000001336,21:45:00,00:40:00,175,00:20:00,05:04:00,284,0,0,9,28,229,240,138,11.765,2,25.24
2021-08-29,ORD,AA,FL000001337,21:56:00,00:21:00,145,00:31:00,01:59:00,88,0,0,47,25,205,70,57,2.995,80,55.75
2021-08-30,MCO,B6,FL000001338,22:07:00,00:36:00,149,00:42:00,04:12:00,210,0,0,33,27,232,70,36,6.056,35,69.88
2021-08-31,DEN,AS,FL000001339,22:18:00,23:46:00,88,00:53:00,02:19:00,86,0,0,12,11,277,76,45,1.226,9,48.21
2021-09-01,FLL,AS,FL000001340,22:29:00,02:15:00,226,06:04:00,08:38:00,154,0,0,32,21,260,240,113,11.054,6,43.41
2021-09-02,MSP,DL,FL000001341,22:40:00,23:37:00,57,06:15:00,08:50:00,155,0,0,50,27,149,260,185,9.651,21,84.42
2021-09-03,LGA,F9,FL000001342,22:51:00,00:41:00,110,06:26:00,07:41:00,75,0,0,41,8,261,260,152,1.799,105,23.02
2021-09-04,ORD,F9,FL000001343,23:02:00,00:38:00,96,06:37:00,11:25:00,288,0,0,31,22,55,76,69,6.503,46,90.43
2021-09-05,BWI,UA,FL000001344,23:13:00,02:26:00,193,06:48:00,10:17:00,209,0,0,57,26,31,90,63,0.764,44,89.93
2021-09-06,SFO,AS,FL000001345,23:24:00,00:52:00,88,06:59:00,09:03:00,124,0,0,38,27,147,90,47,4.065,49,86.34
2021-09-07,DFW,AS,FL000001346,23:35:00,03:10:00,215,07:10:00,09:12:00,122,0,0,53,21,174,50,42,3.404,33,11.43
2021-09-08,BWI,F9,FL000001347,23:46:00,00:10:00,24,07:21:00,10:56:00,215,0,0,8,28,295,70,52,9.647,104,40.45
2021-09-09,MCO,NK,FL000001348,23:57:00,00:22:00,25,07:32:00,08:37:00,65,0,0,12,4,328,160,104,4.642,67,60.58
2021-09-10,LGA,G4,FL000001349,05:08:00,07:25:00,137,07:43:00,09:51:00,128,0,0,44,19,237,90,41,6.143,41,15.92
2021-09-11,MCO,G4,FL000001350,05:19:00,05:34:00,15,07:54:00,10:39:00,165,0,0,50,18,254,70,68,5.872,101,46.98
2021-09-12,ORD,DL,FL000001351,05:30:00,07:39:00,129,08:05:00,12:10:00,245,0,0,49,11,360,260,203,0.537,117,86.93
2021-09-13,MCO,G4,FL000001352,05:41:00,08:10:00,149,08:16:00,08:05:00,-11,0,0,60,10,127,50,47,5.747,18,12.03
2021-09-14,ORD,F9,FL000001353,05:52:00,09:08:00,196,08:27:00,12:36:00,249,0,0,12,4,129,160,156,8.426,105,16.04
2021-09-15,LAX,B6,FL000001354,06:03:00,08:37:00,154,08:38:00,13:09:00,271,0,0,39,4,275,240,179,0.625,108,61.37
2021-09-16,SEA,G4,FL000001355,06:14:00,08:47:00,153,08:49:00,12:42:00,233,0,0,42,21,263,50,29,0.136,7,50.78
2021-09-17,PHX,NK,FL000001356,06:25:00,09:41:00,196,09:00:00,10:04:00,64,0,0,52,20,228,110,86,2.949,101,64.16
2021-09-18,DFW,AA,FL000001357,06:36:00,08:20:00,104,09:11:00,10:54:00,103,0,0,13,24,356,160,130,1.302,21,45.83
2021-09-19,DFW,UA,FL000001358,06:47:00,08:40:00,113,09:22:00,14:08:00,286,0,0,48,17,32,260,209,4.9,43,66.56
2021-09-20,CLT,DL,FL000001359,06:58:00,10:00:00,182,09:33:00,13:30:00,237,0,0,13,17,311,90,76,4.127,46,48.36
2021-09-21,SEA,G4,FL000001360,07:09:00,08:26:00,77,09:44:00,10:34:00,50,0,0,7,15,368,160,81,10.616,41,23.84
2021-09-22,ATL,AA,FL000001361,07:20:00,09:00:00,100,09:55:00,10:52:00,57,0,0,38,24,295,220,142,8.773,117,23.58
2021-09-23,CLT,AA,FL000001362,07:31:00,10:55:00,204,10:06:00,14:52:00,286,0,0,18,16,317,50,42,10.998,33,15.16
2021-09-24,CLT,AS,FL000001363,07:42:00,07:56:00,14,10:17:00,15:08:00,291,0,0,8,15,248,240,228,4.021,19,44.86
2021-09-25,DEN,B6,FL000001364,07:53:00,09:48:00,115,10:28:00,15:07:00,279,0,0,47,11,64,220,151,5.282,80,28.3
2021-09-26,PHX,WN,FL000001365,08:04:00,09:54:00,110,10:39:00,11:08:00,29,0,0,15,6,383,240,122,8.469,76,61.4
2021-09-27,MSP,F9,FL000001366,08:15:00,10:30:00,135,10:50:00,10:55:00,5,0,0,9,10,317,90,43,8.149,104,73.8
2021-09-28,IAH,AS,FL000001367,08:26:00,11:00:00,154,11:01:00,11:18:00,17,0,0,34,30,207,110,79,4.233,20,29.88
2021-09-29,SEA,AS,FL000001368,08:37:00,10:39:00,122,11:12:00,12:28:00,76,0,0,40,22,86,300,247,3.017,76,26.61
2021-09-30,CLT,UA,FL000001369,08:48:00,10:33:00,105,11:23:00,14:11:00,168,0,0,59,15,275,130,93,3.165,16,43.49
2021-10-01,BOS,F9,FL000001370,08:59:00,10:41:00,102,11:34:00,16:08:00,274,0,0,36,3,168,90,50,3.569,116,39.55
2021-10-02,MSP,WN,FL000001371,09:10:00,10:21:00,71,11:45:00,12:46:00,61,0,0,5,9,102,130,77,4.782,63,81.51
2021-10-03,FLL,WN,FL000001372,09:21:00,09:41:00,20,11:56:00,16:55:00,299,0,0,60,12,201,240,166,11.721,120,23.82
2021-10-04,DTW,G4,FL000001373,09:32:00,12:48:00,196,12:07:00,14:49:00,162,0,0,49,25,226,150,106,11.432,104,92.25
2021-10-05,BOS,AS,FL000001374,09:43:00,11:58:00,135,12:18:00,12:05:00,-13,0,0,8,8,267,240,111,10.634,9,26.36
2021-10-06,IAH,HA,FL000001375,09:54:00,12:32:00,158,12:29:00,17:08:00,279,0,0,8,10,291,70,50,2.015,67,23.01
2021-10-07,DEN,AA,FL000001376,10:05:00,12:28:00,143,12:40:00,16:32:00,232,0,0,8,14,316,70,36,4.664,25,75.08
2021-10-08,LAS,F9,FL000001377,10:16:00,10:55:00,39,12:51:00,15:54:00,183,0,0,52,13,338,130,64,1.021,64,41.05
2021-10-09,BWI,NK,FL000001378,10:27:00,13:12:00,165,13:02:00,16:59:00,237,0,0,14,5,71,190,166,11.518,95,31.18
2021-10-10,SFO,G4,FL000001379,10:38:00,13:59:00,201,13:13:00,15:59:00,166,0,0,38,4,138,260,147,7.15,1,19.56
2021-10-11,DEN,NK,FL000001380,10:49:00,11:01:00,12,13:24:00,15:52:00,148,0,0,31,23,271,240,219,5.507,66,43.42
2021-10-12,DFW,NK,FL000001381,11:00:00,14:48:00,228,13:35:00,17:30:00,235,0,0,54,26,146,70,47,6.364,53,25.59
2021-10-13,CLT,NK,FL000001382,11:11:00,14:00:00,169,13:46:00,14:08:00,22,0,0,49,18,285,220,189,3.277,0,94.12
2021-10-14,SFO,HA,FL000001383,11:22:00,12:52:00,90,13:57:00,15:35:00,98,0,0,40,14,217,175,125,7.558,94,45.31
2021-10-15,PHX,F9,FL000001384,11:33:00,14:12:00,159,14:08:00,18:56:00,288,0,0,39,23,187,90,60,10.214,46,88.87
2021-10-16,BOS,F9,FL000001385,11:44:00,14:26:00,162,14:19:00,17:47:00,208,0,0,13,21,342,70,61,7.319,4,96.0
2021-10-17,BWI,UA,FL000001386,11:55:00,15:09:00,194,14:30:00,16:30:00,120,0,0,44,21,275,150,99,4.376,64,43.27
2021-10-18,SFO,AS,FL000001387,12:06:00,11:56:00,-10,14:41:00,17:16:00,155,0,0,25,4,279,240,167,7.415,42,14.83
2021-10-19,LAX,B6,FL000001388,12:17:00,12:35:00,18,14:52:00,17:47:00,175,0,0,17,11,184,240,194,1.196,55,56.73
2021-10-20,PHX,WN,FL000001389,12:28:00,15:56:00,208,15:03:00,19:04:00,241,0,0,10,4,229,76,55,3.314,97,72.28
2021-10-21,LAX,AS,FL000001390,12:39:00,15:00:00,141,15:14:00,17:27:00,133,0,0,37,29,241,130,73,3.025,120,67.58
2021-10-22,LAS,WN,FL000001391,12:50:00,16:26:00,216,15:25:00,19:31:00,246,1,0,31,10,221,220,146,2.382,92,66.21
2021-10-23,BOS,B6,FL000001392,13:01:00,16:52:00,231,15:36:00,15:45:00,9,0,0,25,21,373,240,150,2.012,68,24.24
2021-10-24,JFK,UA,FL000001393,13:12:00,13:28:00,16,15:47:00,17:40:00,113,0,0,31,7,309,50,35,9.892,105,55.67
2021-10-25,BOS,HA,FL000001394,13:23:00,14:42:00,79,15:58:00,17:02:00,64,0,0,5,18,55,76,39,2.057,110,44.66
2021-10-26,SEA,G4,FL000001395,13:34:00,16:11:00,157,16:09:00,18:44:00,155,0,0,27,28,362,190,180,7.794,29,10.82
2021-10-27,ATL,F9,FL000001396,13:45:00,16:44:00,179,16:20:00,20:04:00,224,0,0,34,16,101,190,161,5.58,66,59.29
2021-10-28,JFK,G4,FL000001397,13:56:00,13:53:00,-3,16:31:00,17:07:00,36,0,0,17,30,234,90,66,2.904,33,33.03
2021-10-29,SEA,WN,FL000001398,14:07:00,16:02:00,115,16:42:00,19:04:00,142,0,0,6,17,215,220,173,7.98,3,70.62
2021-10-30,ATL,UA,FL000001399,14:18:00,15:16:00,58,16:53:00,17:58:00,65,0,0,35,24,294,50,45,3.892,5,57.55
2021-10-31,CLT,UA,FL000001400,14:29:00,18:08:00,219,17:04:00,16:49:00,-15,0,0,34,13,112,220,141,5.714,64,83.39
2021-11-01,BOS,F9,FL000001401,14:40:00,16:11:00,91,17:15:00,18:25:00,70,0,0,36,15,106,90,83,11.134,113,47.04
2021-11-02,DTW,F9,FL000001402,14:51:00,16:13:00,82,17:26:00,18:22:00,56,0,0,31,16,368,110,85,10.885,3,73.56
2021-11-03,FLL,AS,FL000001403,15:02:00,17:54:00,172,17:37:00,18:44:00,67,0,0,51,26,370,190,101,7.892,102,88.09
2021-11-04,LGA,HA,FL000001404,15:13:00,15:19:00,6,17:48:00,21:56:00,248,0,0,49,15,198,260,146,2.528,80,82.54
2021-11-05,PHX,AA,FL000001405,15:24:00,15:23:00,-1,17:59:00,17:47:00,-12,0,0,45,16,143,260,233,2.52,118,51.44
2021-11-06,IAH,HA,FL000001406,15:35:00,16:11:00,36,18:10:00,18:27:00,17,0,0,34,3,324,50,23,3.827,86,92.24
2021-11-07,LAX,AA,FL000001407,15:46:00,19:05:00,199,18:21:00,18:30:00,9,0,0,15,6,39,150,68,5.577,106,44.2
2021-11-08,SEA,B6,FL000001408,15:57:00,15:56:00,-1,18:32:00,21:20:00,168,0,0,18,19,100,160,144,5.725,109,82.99
2021-11-09,SFO,WN,FL000001409,16:08:00,20:06:00,238,18:43:00,22:31:00,228,0,0,21,14,198,175,151,10.925,22,91.13
2021-11-10,ATL,DL,FL000001410,16:19:00,16:44:00,25,18:54:00,19:33:00,39,0,0,28,27,212,300,233,1.45,112,60.4
2021-11-11,ORD,HA,FL000001411,16:30:00,17:03:00,33,19:05:00,19:50:00,45,0,0,13,27,310,160,128,4.79,9,61.22
2021-11-12,EWR,F9,FL000001412,16:41:00,19:50:00,189,19:16:00,19:50:00,34,0,0,34,26,34,260,251,5.877,107,10.57
2021-11-13,IAH,F9,FL000001413,16:52:00,19:56:00,184,19:27:00,19:14:00,-13,0,0,48,17,58,50,44,4.735,120,39.95
2021-11-14,CLT,WN,FL000001414,17:03:00,18:59:00,116,19:38:00,20:16:00,38,0,0,24,17,118,300,191,10.541,2,29.84
2021-11-15,MCO,UA,FL000001415,17:14:00,20:00:00,166,19:49:00,20:38:00,49,0,0,27,17,155,90,48,11.167,76,16.98
2021-11-16,EWR,F9,FL000001416,17:25:00,17:41:00,16,20:00:00,23:29:00,209,0,0,23,30,368,160,138,0.919,82,56.43
2021-11-17,DTW,AS,FL000001417,17:36:00,20:26:00,170,20:11:00,00:53:00,282,1,0,8,3,126,70,36,11.506,108,82.76
2021-11-18,LGA,DL,FL000001418,17:47:00,21:21:00,214,20:22:00,20:19:00,-3,0,0,11,9,313,175,150,5.719,24,97.93
2021-11-19,PHX,B6,FL000001419,17:58:00,19:44:00,106,20:33:00,22:55:00,142,0,0,11,9,287,150,147,7.148,45,19.51
2021-11-20,ATL,AS,FL000001420,18:09:00,20:52:00,163,20:44:00,21:41:00,57,0,0,11,5,28,300,137,4.766,22,50.74
2021-11-21,CLT,G4,FL000001421,18:20:00,20:37:00,137,20:55:00,20:53:00,-2,0,0,40,22,151,130,126,0.543,4,93.38
2021-11-22,MCO,NK,FL000001422,18:31:00,21:00:00,149,21:06:00,23:23:00,137,0,0,51,17,211,160,91,1.026,104,11.04
2021-11-23,BOS,G4,FL000001423,18:42:00,19:20:00,38,21:17:00,02:11:00,294,0,0,49,18,347,240,136,8.718,41,84.24
2021-11-24,PHX,WN,FL000001424,18:53:00,22:38:00,225,21:28:00,21:37:00,9,0,0,19,19,40,50,47,6.893,32,18.37
2021-11-25,LGA,DL,FL000001425,19:04:00,20:14:00,70,21:39:00,00:18:00,159,0,0,28,5,381,130,121,7.072,97,25.8
2021-11-26,ATL,NK,FL000001426,19:15:00,22:56:00,221,21:50:00,23:49:00,119,0,0,18,27,190,110,71,0.163,109,52.48
2021-11-27,BWI,HA,FL000001427,19:26:00,20:11:00,45,22:01:00,22:33:00,32,0,0,59,12,214,90,88,3.801,77,87.05
2021-11-28,DTW,AS,FL000001428,19:37:00,20:40:00,63,22:12:00,02:56:00,284,0,0,58,8,55,190,177,7.371,64,58.39
2021-11-29,SEA,AA,FL000001429,19:48:00,20:52:00,64,22:23:00,00:50:00,147,0,0,58,26,198,130,76,3.531,49,58.92
2021-11-30,BOS,UA,FL000001430,19:59:00,21:07:00,68,22:34:00,02:11:00,217,0,0,31,29,233,190,126,3.29,76,15.02
2021-12-01,MCO,HA,FL000001431,20:10:00,22:29:00,139,22:45:00,03:12:00,267,0,0,49,28,98,130,98,5.163,5,62.39
2021-12-02,ORD,HA,FL000001432,20:21:00,22:49:00,148,22:56:00,01:39:00,163,0,0,52,17,95,300,137,3.463,11,29.99
2021-12-03,IAH,G4,FL000001433,20:32:00,20:34:00,2,23:07:00,03:04:00,237,0,0,55,4,108,175,166,10.905,43,81.32
2021-12-04,EWR,AA,FL000001434,20:43:00,00:22:00,219,23:18:00,03:40:00,262,0,1,13,17,254,175,97,8.058,42,67.32
2021-12-05,FLL,AA,FL000001435,20:54:00,23:25:00,151,23:29:00,03:16:00,227,0,0,35,23,319,220,199,2.35,73,20.85
2021-12-06,ATL,WN,FL000001436,21:05:00,22:46:00,101,23:40:00,04:06:00,266,0,0,53,30,119,76,37,10.029,26,57.16
2021-12-07,PHX,AS,FL000001437,21:16:00,22:09:00,53,23:51:00,00:11:00,20,0,0,15,20,99,160,123,1.705,31,49.66
2021-12-08,LGA,F9,FL000001438,21:27:00,23:35:00,128,00:02:00,01:30:00,88,0,0,55,15,30,50,47,2.749,64,65.54
2021-12-09,BOS,AS,FL000001439,21:38:00,22:38:00,60,00:13:00,03:01:00,168,0,0,50,23,198,240,170,10.428,67,74.67
2021-12-10,CLT,F9,FL000001440,21:49:00,21:45:00,-4,00:24:00,02:50:00,146,0,0,31,30,300,220,153,8.358,87,35.19
2021-12-11,ATL,AA,FL000001441,22:00:00,01:24:00,204,00:35:00,03:52:00,197,0,0,21,23,81,300,256,0.398,90,40.62
2021-12-12,CLT,DL,FL000001442,22:11:00,23:38:00,87,00:46:00,04:02:00,196,0,0,32,11,299,70,46,2.883,68,69.67
2021-12-13,MCO,G4,FL000001443,22:22:00,22:31:00,9,00:57:00,05:57:00,300,0,0,52,29,252,130,90,6.451,88,90.97
2021-12-14,SEA,WN,FL000001444,22:33:00,02:05:00,212,06:08:00,08:19:00,131,0,0,17,12,261,150,139,1.835,56,29.88
2021-12-15,BWI,HA,FL000001445,22:44:00,22:35:00,-9,06:19:00,11:08:00,289,0,0,32,27,32,110,63,5.355,89,45.71
2021-12-16,CLT,AS,FL000001446,22:55:00,00:52:00,117,06:30:00,07:18:00,48,0,0,8,5,257,50,29,6.955,24,59.24
2021-12-17,DFW,AS,FL000001447,23:06:00,01:48:00,162,06:41:00,10:30:00,229,0,0,45,25,318,70,37,7.419,101,94.63
2021-12-18,DFW,AA,FL000001448,23:17:00,00:41:00,84,06:52:00,08:45:00,113,0,0,24,10,290,160,75,8.366,84,25.1
2021-12-19,LGA,HA,FL000001449,23:28:00,23:27:00,-1,07:03:00,07:49:00,46,0,0,5,26,172,190,97,11.22,59,62.66
2021-12-20,DEN,G4,FL000001450,23:39:00,02:34:00,175,07:14:00,09:42:00,148,0,0,43,15,241,300,153,7.262,45,46.93
2021-12-21,JFK,AA,FL000001451,23:50:00,03:50:00,240,07:25:00,11:11:00,226,0,0,40,14,197,150,80,8.327,39,18.39
2021-12-22,SEA,DL,FL000001452,05:01:00,05:39:00,38,07:36:00,12:33:00,297,0,0,43,14,165,190,98,4.546,88,10.62
2021-12-23,MSP,HA,FL000001453,05:12:00,08:55:00,223,07:47:00,11:59:00,252,0,0,14,4,233,130,62,5.847,16,91.65
2021-12-24,IAH,DL,FL000001454,05:23:00,08:47:00,204,07:58:00,09:04:00,66,0,0,17,12,51,240,173,0.283,115,18.58
2021-12-25,IAH,DL,FL000001455,05:34:00,09:19:00,225,08:09:00,11:16:00,187,0,0,33,26,303,300,289,2.361,98,44.95
2021-12-26,LGA,WN,FL000001456,05:45:00,08:15:00,150,08:20:00,11:05:00,165,0,0,9,23,294,110,67,11.137,49,91.85
2021-12-27,SEA,G4,FL000001457,05:56:00,06:24:00,28,08:31:00,10:22:00,111,0,0,46,14,274,160,119,7.875,7,65.28
2021-12-28,DEN,F9,FL000001458,06:07:00,06:04:00,-3,08:42:00,11:21:00,159,0,0,29,18,276,190,89,0.183,58,47.45
2021-12-29,LAS,WN,FL000001459,06:18:00,07:20:00,62,08:53:00,11:16:00,143,0,0,35,25,354,300,265,3.395,83,90.81
2021-12-30,PHX,AA,FL000001460,06:29:00,07:08:00,39,09:04:00,09:03:00,-1,0,0,13,21,355,70,58,11.88,20,27.46
2021-12-31,LAS,DL,FL000001461,06:40:00,10:09:00,209,09:15:00,11:55:00,160,0,0,38,16,352,90,83,0.298,75,52.57
2022-01-01,EWR,F9,FL000001462,06:51:00,08:13:00,82,09:26:00,14:14:00,288,0,0,10,23,80,50,39,10.773,5,89.83
2022-01-02,LAS,AS,FL000001463,07:02:00,07:33:00,31,09:37:00,09:25:00,-12,0,0,25,20,382,50,23,11.09,51,39.9
2022-01-03,BWI,UA,FL000001464,07:13:00,10:48:00,215,09:48:00,12:19:00,151,0,1,7,11,92,240,146,5.207,74,43.39
2022-01-04,MCO,WN,FL000001465,07:24:00,10:31:00,187,09:59:00,10:13:00,14,0,0,7,4,73,150,94,6.869,64,68.29
2022-01-05,DEN,G4,FL000001466,07:35:00,11:16:00,221,10:10:00,14:00:00,230,0,1,38,21,107,175,124,3.739,84,94.52
2022-01-06,LAX,UA,FL000001467,07:46:00,08:55:00,69,10:21:00,14:35:00,254,0,0,57,18,135,300,281,11.5,16,75.48
2022-01-07,IAH,AS,FL000001468,07:57:00,11:21:00,204,10:32:00,15:11:00,279,0,0,6,19,248,90,82,10.456,80,92.79
2022-01-08,FLL,DL,FL000001469,08:08:00,11:23:00,195,10:43:00,10:59:00,16,0,0,52,30,333,150,79,7.003,54,94.76
2022-01-09,LGA,AA,FL000001470,08:19:00,10:09:00,110,10:54:00,14:29:00,215,0,0,56,10,330,76,68,9.426,16,33.87
2022-01-10,BWI,NK,FL000001471,08:30:00,08:26:00,-4,11:05:00,12:15:00,70,0,1,57,9,177,70,62,4.479,116,82.54
2022-01-11,BOS,WN,FL000001472,08:41:00,10:33:00,112,11:16:00,12:18:00,62,0,0,58,24,78,76,50,11.811,25,84.13
2022-01-12,IAH,F9,FL000001473,08:52:00,12:29:00,217,11:27:00,13:40:00,133,0,0,30,30,70,76,54,11.884,59,19.5
2022-01-13,SFO,B6,FL000001474,09:03:00,12:35:00,212,11:38:00,14:09:00,151,0,0,58,29,230,110,66,5.037,62,58.03
2022-01-14,SFO,HA,FL000001475,09:14:00,09:43:00,29,11:49:00,15:24:00,215,0,0,8,5,339,300,213,3.181,101,88.98
2022-01-15,PHX,HA,FL000001476,09:25:00,09:41:00,16,12:00:00,14:18:00,138,0,0,50,18,35,130,82,3.155,38,57.94
2022-01-16,JFK,WN,FL000001477,09:36:00,11:55:00,139,12:11:00,12:30:00,19,0,0,20,19,258,260,158,0.979,96,46.61
2022-01-17,DEN,WN,FL000001478,09:47:00,11:34:00,107,12:22:00,13:01:00,39,0,0,31,25,232,50,47,1.312,106,34.05
2022-01-18,DEN,NK,FL000001479,09:58:00,12:27:00,149,12:33:00,16:28:00,235,0,0,16,20,176,190,122,6.693,55,22.2
2022-01-19,SFO,G4,FL000001480,10:09:00,12:51:00,162,12:44:00,14:24:00,100,0,0,19,22,164,190,171,7.523,71,81.93
2022-01-20,MCO,DL,FL000001481,10:20:00,12:45:00,145,12:55:00,17:27:00,272,0,0,15,7,81,50,48,2.411,8,20.6
2022-01-21,LAS,G4,FL000001482,10:31:00,10:22:00,-9,13:06:00,15:56:00,170,0,0,21,8,331,150,124,5.372,57,46.44
2022-01-22,BOS,AS,FL000001483,10:42:00,12:31:00,109,13:17:00,13:28:00,11,0,0,56,29,78,160,90,7.609,48,11.68
2022-01-23,FLL,G4,FL000001484,10:53:00,11:04:00,11,13:28:00,17:09:00,221,0,0,42,11,152,190,151,4.856,98,94.67
2022-01-24,JFK,AS,FL000001485,11:04:00,14:53:00,229,13:39:00,18:37:00,298,0,0,50,11,270,130,98,9.414,83,47.62
2022-01-25,CLT,AA,FL000001486,11:15:00,11:25:00,10,13:50:00,18:47:00,297,0,0,15,28,130,260,166,8.004,66,67.85
2022-01-26,IAH,B6,FL000001487,11:26:00,11:59:00,33,14:01:00,14:45:00,44,0,0,52,25,245,76,69,9.95,110,55.97
2022-01-27,MCO,F9,FL000001488,11:37:00,14:24:00,167,14:12:00,16:36:00,144,0,0,49,16,67,260,203,0.062,120,17.52
2022-01-28,BOS,B6,FL000001489,11:48:00,15:37:00,229,14:23:00,15:12:00,49,0,0,54,21,331,260,174,11.36,12,47.01
2022-01-29,DTW,AA,FL000001490,11:59:00,13:35:00,96,14:34:00,14:33:00,-1,0,0,22,10,64,260,220,4.357,10,33.78
2022-01-30,SEA,WN,FL000001491,12:10:00,15:04:00,174,14:45:00,16:18:00,93,0,0,49,19,139,260,192,1.487,97,70.28
2022-01-31,MSP,F9,FL000001492,12:21:00,13:16:00,55,14:56:00,17:09:00,133,0,0,34,5,378,70,58,10.107,114,87.26
2022-02-01,DTW,UA,FL000001493,12:32:00,14:14:00,102,15:07:00,16:11:00,64,0,0,60,23,78,70,46,4.904,79,96.75
2022-02-02,CLT,B6,FL000001494,12:43:00,13:08:00,25,15:18:00,16:01:00,43,0,0,5,22,123,240,153,8.016,73,22.39
2022-02-03,MSP,AA,FL000001495,12:54:00,13:51:00,57,15:29:00,17:30:00,121,0,0,39,5,230,130,117,1.093,41,51.5
2022-02-04,FLL,F9,FL000001496,13:05:00,15:48:00,163,15:40:00,19:11:00,211,0,0,30,23,326,220,143,11.111,8,72.16
2022-02-05,JFK,B6,FL000001497,13:16:00,13:51:00,35,15:51:00,20:05:00,254,0,0,31,18,35,110,87,1.997,36,83.7
2022-02-06,EWR,HA,FL000001498,13:27:00,14:59:00,92,16:02:00,18:14:00,132,0,0,47,20,287,50,31,2.077,71,20.27
2022-02-07,DTW,B6,FL000001499,13:38:00,14:47:00,69,16:13:00,18:52:00,159,0,0,21,26,56,160,92,9.263,44,74.75
2022-02-08,MSP,G4,FL000001500,13:49:00,14:47:00,58,16:24:00,20:39:00,255,0,0,14,26,258,90,71,8.511,67,81.33
2022-02-09,LAX,WN,FL000001501,14:00:00,14:42:00,42,16:35:00,21:26:00,291,0,0,48,30,192,300,203,8.237,57,62.29
2022-02-10,BOS,AA,FL000001502,14:11:00,14:13:00,2,16:46:00,17:05:00,19,0,0,28,21,314,70,48,0.518,91,97.52
2022-02-11,FLL,DL,FL000001503,14:22:00,15:46:00,84,16:57:00,16:49:00,-8,0,0,19,5,89,220,204,2.196,60,67.37
2022-02-12,IAH,NK,FL000001504,14:33:00,17:52:00,199,17:08:00,17:48:00,40,0,0,51,4,59,50,38,7.374,77,81.01
2022-02-13,MSP,AA,FL000001505,14:44:00,15:20:00,36,17:19:00,21:48:00,269,0,0,46,19,205,50,41,8.377,114,37.77
2022-02-14,JFK,G4,FL000001506,14:55:00,17:42:00,167,17:30:00,18:48:00,78,0,0,36,23,367,240,197,11.653,77,28.83
2022-02-15,BWI,AS,FL000001507,15:06:00,16:06:00,60,17:41:00,18:04:00,23,0,0,34,30,258,190,172,5.137,23,55.13
2022-02-16,LGA,AA,FL000001508,15:17:00,15:52:00,35,17:52:00,21:01:00,189,0,0,23,4,233,300,199,5.43,43,20.61
2022-02-17,IAH,G4,FL000001509,15:28:00,18:42:00,194,18:03:00,18:18:00,15,0,0,25,7,166,260,158,3.272,103,58.45
2022-02-18,FLL,NK,FL000001510,15:39:00,17:01:00,82,18:14:00,21:00:00,166,0,0,18,10,190,190,182,10.398,61,87.11
2022-02-19,BOS,HA,FL000001511,15:50:00,19:29:00,219,18:25:00,21:36:00,191,1,0,60,12,325,220,107,5.67,81,36.72
2022-02-20,BWI,F9,FL000001512,16:01:00,16:56:00,55,18:36:00,18:36:00,0,0,0,32,17,180,175,151,7.758,63,10.74
2022-02-21,DFW,NK,FL000001513,16:12:00,18:53:00,161,18:47:00,23:11:00,264,0,0,15,5,182,260,193,5.081,57,55.18
2022-02-22,BOS,DL,FL000001514,16:23:00,19:08:00,165,18:58:00,20:03:00,65,0,0,39,30,149,190,113,9.574,59,94.79
2022-02-23,LAX,G4,FL000001515,16:34:00,19:47:00,193,19:09:00,22:28:00,199,0,0,8,22,146,70,62,1.35,18,26.43
2022-02-24,SEA,AA,FL000001516,16:45:00,17:21:00,36,19:20:00,22:14:00,174,0,0,40,26,180,50,47,7.855,56,45.45
2022-02-25,JFK,UA,FL000001517,16:56:00,16:49:00,-7,19:31:00,22:12:00,161,0,0,51,9,309,190,139,8.077,36,30.31
2022-02-26,PHX,AA,FL000001518,17:07:00,17:09:00,2,19:42:00,20:50:00,68,0,0,8,29,265,160,156,4.523,76,65.02
2022-02-27,LGA,NK,FL000001519,17:18:00,21:06:00,228,19:53:00,23:44:00,231,0,0,8,21,386,260,169,7.924,58,94.52
2022-02-28,MCO,G4,FL000001520,17:29:00,18:23:00,54,20:04:00,19:51:00,-13,0,0,51,25,86,90,51,6.078,1,54.89
2022-03-01,SEA,NK,FL000001521,17:40:00,17:40:00,0,20:15:00,23:42:00,207,0,0,31,29,368,110,60,3.925,73,60.74
2022-03-02,CLT,NK,FL000001522,17:51:00,18:04:00,13,20:26:00,01:00:00,274,0,0,22,8,70,50,48,11.939,74,76.83
2022-03-03,SFO,AS,FL000001523,18:02:00,21:07:00,185,20:37:00,21:28:00,51,0,0,42,3,241,90,71,2.129,60,93.32
2022-03-04,DEN,AA,FL000001524,18:13:00,19:35:00,82,20:48:00,23:47:00,179,0,0,46,29,286,150,143,3.093,65,41.71
2022-03-05,EWR,NK,FL000001525,18:24:00,21:15:00,171,20:59:00,22:39:00,100,0,0,54,23,319,150,104,7.668,76,11.46
2022-03-06,ATL,AS,FL000001526,18:35:00,19:55:00,80,21:10:00,23:04:00,114,0,0,22,10,44,190,177,11.099,35,16.25
2022-03-07,SFO,NK,FL000001527,18:46:00,20:48:00,122,21:21:00,22:20:00,59,0,0,49,15,255,130,94,11.929,100,23.48
2022-03-08,LGA,F9,FL000001528,18:57:00,21:43:00,166,21:32:00,01:22:00,230,0,0,40,26,105,70,51,10.215,12,84.99
2022-03-09,ORD,NK,FL000001529,19:08:00,22:36:00,208,21:43:00,01:13:00,210,0,0,38,29,137,300,201,11.916,14,87.12
2022-03-10,SFO,HA,FL000001530,19:19:00,19:28:00,9,21:54:00,21:52:00,-2,0,0,29,24,44,70,55,7.55,65,61.2
2022-03-11,MSP,DL,FL000001531,19:30:00,22:31:00,181,22:05:00,23:34:00,89,0,0,48,29,149,190,175,0.274,62,22.12
2022-03-12,SFO,AS,FL000001532,19:41:00,19:59:00,18,22:16:00,02:01:00,225,0,0,24,13,204,90,42,2.591,35,72.67
2022-03-13,MSP,WN,FL000001533,19:52:00,23:29:00,217,22:27:00,01:47:00,200,0,0,16,17,96,300,179,4.738,69,23.32
2022-03-14,LGA,B6,FL000001534,20:03:00,20:17:00,14,22:38:00,02:52:00,254,0,0,16,6,249,50,26,8.735,103,59.93
2022-03-15,LAS,DL,FL000001535,20:14:00,21:08:00,54,22:49:00,02:33:00,224,0,0,50,24,230,150,129,10.67,86,77.84
2022-03-16,SFO,AA,FL000001536,20:25:00,23:32:00,187,23:00:00,23:52:00,52,0,0,22,14,258,130,97,3.886,75,73.02
2022-03-17,JFK,DL,FL000001537,20:36:00,22:50:00,134,23:11:00,00:50:00,99,0,1,46,25,209,130,94,3.434,8,85.93
2022-03-18,SEA,G4,FL000001538,20:47:00,00:27:00,220,23:22:00,00:10:00,48,0,0,26,7,278,110,94,3.661,103,13.41
2022-03-19,BOS,F9,FL000001539,20:58:00,20:50:00,-8,23:33:00,03:44:00,251,0,0,18,24,324,220,120,0.276,9,40.74
2022-03-20,MCO,AA,FL000001540,21:09:00,21:49:00,40,23:44:00,00:30:00,46,0,0,53,30,218,70,50,4.782,26,83.19
2022-03-21,FLL,NK,FL000001541,21:20:00,00:27:00,187,23:55:00,00:34:00,39,0,0,37,21,337,76,58,9.846,93,75.36
2022-03-22,IAH,HA,FL000001542,21:31:00,00:51:00,200,00:06:00,03:13:00,187,1,0,16,3,167,110,61,6.808,36,91.46
2022-03-23,DTW,UA,FL000001543,21:42:00,00:39:00,177,00:17:00,04:39:00,262,0,0,6,22,137,220,129,3.251,40,76.05
2022-03-24,IAH,G4,FL000001544,21:53:00,23:46:00,113,00:28:00,00:50:00,22,0,0,41,29,301,90,48,2.036,76,85.36
2022-03-25,BWI,WN,FL000001545,22:04:00,22:42:00,38,00:39:00,01:06:00,27,0,0,23,18,294,300,263,7.09,17,12.05
2022-03-26,CLT,HA,FL000001546,22:15:00,01:19:00,184,00:50:00,04:55:00,245,0,0,7,21,341,160,132,2.329,104,81.1
2022-03-27,JFK,G4,FL000001547,22:26:00,01:40:00,194,06:01:00,07:35:00,94,0,0,41,3,262,220,206,2.889,51,33.99
2022-03-28,MSP,DL,FL000001548,22:37:00,02:36:00,239,06:12:00,06:14:00,2,1,0,51,18,349,220,176,4.443,76,10.85
2022-03-29,FLL,AA,FL000001549,22:48:00,00:24:00,96,06:23:00,07:50:00,87,0,0,38,28,324,150,138,8.709,40,31.94
2022-03-30,DEN,AS,FL000001550,22:59:00,23:24:00,25,06:34:00,06:40:00,6,0,0,52,4,27,240,114,0.932,77,79.35
2022-03-31,DEN,F9,FL000001551,23:10:00,23:27:00,17,06:45:00,11:06:00,261,0,0,30,16,291,76,38,4.608,119,14.17
2022-04-01,BOS,UA,FL000001552,23:21:00,00:14:00,53,06:56:00,06:41:00,-15,0,0,27,19,68,110,107,2.71,89,44.0
2022-04-02,PHX,UA,FL000001553,23:32:00,23:23:00,-9,07:07:00,07:18:00,11,0,0,16,28,176,90,41,8.023,62,37.11
2022-04-03,DEN,G4,FL000001554,23:43:00,00:02:00,19,07:18:00,10:18:00,180,0,0,51,20,349,240,205,2.038,69,51.0
2022-04-04,IAH,AS,FL000001555,23:54:00,01:46:00,112,07:29:00,09:14:00,105,0,0,38,17,129,220,193,2.697,104,16.85
2022-04-05,PHX,HA,FL000001556,05:05:00,07:36:00,151,07:40:00,10:18:00,158,0,0,28,24,296,110,67,0.267,9,73.63
2022-04-06,PHX,G4,FL000001557,05:16:00,06:22:00,66,07:51:00,08:47:00,56,0,0,59,19,60,130,80,3.183,14,37.5
2022-04-07,IAH,HA,FL000001558,05:27:00,05:38:00,11,08:02:00,08:43:00,41,0,0,38,10,387,90,59,7.765,37,19.85
2022-04-08,IAH,NK,FL000001559,05:38:00,07:21:00,103,08:13:00,09:30:00,77,0,0,23,15,356,130,65,10.491,107,20.31
2022-04-09,JFK,HA,FL000001560,05:49:00,08:34:00,165,08:24:00,10:08:00,104,0,0,11,19,316,240,233,1.621,61,55.99
2022-04-10,DFW,F9,FL000001561,06:00:00,07:23:00,83,08:35:00,09:32:00,57,0,0,48,9,87,175,122,9.577,117,25.65
2022-04-11,BWI,AA,FL000001562,06:11:00,09:09:00,178,08:46:00,12:32:00,226,0,0,34,9,344,70,40,7.515,103,83.49
2022-04-12,MCO,G4,FL000001563,06:22:00,08:54:00,152,08:57:00,13:51:00,294,0,0,31,19,178,220,99,10.439,10,69.2
2022-04-13,JFK,G4,FL000001564,06:33:00,09:38:00,185,09:08:00,11:32:00,144,0,0,44,15,259,76,47,1.49,21,84.47
2022-04-14,ATL,DL,FL000001565,06:44:00,09:22:00,158,09:19:00,10:19:00,60,0,0,57,25,83,190,116,5.06,47,13.8
2022-04-15,LAS,F9,FL000001566,06:55:00,07:57:00,62,09:30:00,12:04:00,154,0,0,5,11,63,110,80,11.939,34,20.19
2022-04-16,SFO,WN,FL000001567,07:06:00,08:11:00,65,09:41:00,11:58:00,137,0,1,32,21,56,260,249,3.886,20,73.97
2022-04-17,SEA,DL,FL000001568,07:17:00,07:37:00,20,09:52:00,11:15:00,83,0,0,42,26,87,220,150,5.799,51,39.13
2022-04-18,EWR,B6,FL000001569,07:28:00,10:01:00,153,10:03:00,12:57:00,174,0,0,15,29,236,130,74,1.144,47,77.48
2022-04-19,BWI,NK,FL000001570,07:39:00,10:04:00,145,10:14:00,11:45:00,91,0,0,41,30,117,240,157,5.664,92,61.5
2022-04-20,DEN,WN,FL000001571,07:50:00,11:43:00,233,10:25:00,11:07:00,42,0,0,53,11,235,260,126,6.038,89,18.15
2022-04-21,SEA,UA,FL000001572,08:01:00,09:14:00,73,10:36:00,10:39:00,3,0,0,23,28,109,260,230,9.041,42,23.06
2022-04-22,CLT,HA,FL000001573,08:12:00,10:51:00,159,10:47:00,11:04:00,17,0,0,54,9,101,90,87,4.953,39,67.41
2022-04-23,JFK,WN,FL000001574,08:23:00,11:35:00,192,10:58:00,12:43:00,105,0,0,33,14,283,160,97,0.466,84,10.36
2022-04-24,CLT,UA,FL000001575,08:34:00,12:19:00,225,11:09:00,15:44:00,275,0,0,27,11,154,76,68,3.847,34,40.92
2022-04-25,DEN,B6,FL000001576,08:45:00,11:32:00,167,11:20:00,15:55:00,275,0,0,53,30,172,110,83,7.953,7,42.63
2022-04-26,ORD,B6,FL000001577,08:56:00,12:42:00,226,11:31:00,15:23:00,232,1,0,32,15,316,240,125,4.037,103,46.03
2022-04-27,JFK,NK,FL000001578,09:07:00,11:11:00,124,11:42:00,12:44:00,62,0,0,16,8,111,130,62,5.037,105,97.5
2022-04-28,LAX,HA,FL000001579,09:18:00,12:33:00,195,11:53:00,16:41:00,288,0,0,57,12,131,220,132,4.672,58,48.74
2022-04-29,SEA,G4,FL000001580,09:29:00,10:20:00,51,12:04:00,12:04:00,0,0,0,54,11,290,70,62,1.912,19,23.11
2022-04-30,DFW,DL,FL000001581,09:40:00,13:13:00,213,12:15:00,13:40:00,85,0,0,13,15,273,300,286,11.074,25,62.31
2022-05-01,DEN,HA,FL000001582,09:51:00,11:09:00,78,12:26:00,13:57:00,91,0,0,22,24,340,190,180,3.55,23,92.43
2022-05-02,LAS,AA,FL000001583,10:02:00,10:33:00,31,12:37:00,13:45:00,68,0,0,17,20,333,175,125,9.649,61,44.12
2022-05-03,LAX,WN,FL000001584,10:13:00,14:00:00,227,12:48:00,13:30:00,42,0,0,30,29,219,130,110,6.312,62,87.88
2022-05-04,LAX,B6,FL000001585,10:24:00,11:19:00,55,12:59:00,13:08:00,9,0,0,29,12,248,76,65,5.805,47,43.54
2022-05-05,DTW,HA,FL000001586,10:35:00,13:44:00,189,13:10:00,15:26:00,136,0,0,37,18,70,90,56,4.837,109,34.59
2022-05-06,DFW,HA,FL000001587,10:46:00,10:39:00,-7,13:21:00,14:58:00,97,0,0,32,8,72,110,52,1.272,81,23.26
2022-05-07,MSP,AA,FL000001588,10:57:00,11:42:00,45,13:32:00,15:22:00,110,0,0,26,12,151,90,85,1.855,119,43.01
2022-05-08,ATL,B6,FL000001589,11:08:00,14:25:00,197,13:43:00,13:48:00,5,0,0,9,21,69,50,34,4.185,50,78.56
2022-05-09,ATL,G4,FL000001590,11:19:00,12:01:00,42,13:54:00,17:22:00,208,0,0,57,18,150,190,141,10.45,74,13.23
2022-05-10,IAH,UA,FL000001591,11:30:00,15:12:00,222,14:05:00,19:05:00,300,0,0,14,4,362,175,81,11.898,39,28.03
2022-05-11,MCO,UA,FL000001592,11:41:00,13:54:00,133,14:16:00,17:30:00,194,0,0,20,12,161,150,81,11.828,57,81.47
2022-05-12,LAX,DL,FL000001593,11:52:00,15:17:00,205,14:27:00,17:40:00,193,0,0,47,10,118,76,68,10.27,62,95.65
2022-05-13,MSP,WN,FL000001594,12:03:00,14:52:00,169,14:38:00,15:24:00,46,0,0,59,11,146,160,91,10.659,66,62.13
2022-05-14,JFK,WN,FL000001595,12:14:00,12:20:00,6,14:49:00,19:31:00,282,0,0,26,15,30,260,238,0.389,18,87.23
2022-05-15,BWI,AA,FL000001596,12:25:00,12:26:00,1,15:00:00,17:14:00,134,0,0,24,16,293,160,120,11.439,34,11.22
2022-05-16,BWI,HA,FL000001597,12:36:00,15:35:00,179,15:11:00,15:32:00,21,0,0,24,12,52,70,51,10.266,114,58.08
2022-05-17,PHX,F9,FL000001598,12:47:00,15:33:00,166,15:22:00,16:59:00,97,0,0,54,17,197,130,74,4.391,86,19.86
2022-05-18,BWI,NK,FL000001599,12:58:00,13:57:00,59,15:33:00,15:55:00,22,0,0,11,8,258,76,62,11.585,21,49.31
2022-05-19,EWR,UA,FL000001600,13:09:00,14:51:00,102,15:44:00,17:23:00,99,0,0,20,9,55,76,69,7.619,114,36.96
2022-05-20,BWI,AS,FL000001601,13:20:00,15:24:00,124,15:55:00,18:48:00,173,0,0,25,15,156,90,86,3.404,24,31.56
2022-05-21,MSP,UA,FL000001602,13:31:00,14:30:00,59,16:06:00,20:29:00,263,0,0,27,20,173,130,123,9.409,46,28.45
2022-05-22,CLT,DL,FL000001603,13:42:00,14:19:00,37,16:17:00,20:25:00,248,0,0,27,20,136,220,173,9.586,46,37.48
2022-05-23,FLL,AS,FL000001604,13:53:00,14:53:00,60,16:28:00,21:11:00,283,0,0,6,6,128,90,52,5.659,100,28.62
2022-05-24,SEA,HA,FL000001605,14:04:00,14:05:00,1,16:39:00,16:56:00,17,0,0,37,13,257,70,62,1.587,113,12.3
2022-05-25,ORD,HA,FL000001606,14:15:00,14:47:00,32,16:50:00,19:54:00,184,0,0,42,26,268,260,177,5.691,116,30.73
2022-05-26,IAH,F9,FL000001607,14:26:00,16:20:00,114,17:01:00,19:14:00,133,1,0,25,3,127,240,150,9.506,13,73.32
2022-05-27,LAS,UA,FL000001608,14:37:00,16:47:00,130,17:12:00,19:39:00,147,0,0,47,23,304,220,106,4.157,33,33.11
2022-05-28,DTW,UA,FL000001609,14:48:00,18:20:00,212,17:23:00,18:33:00,70,0,0,6,4,295,76,38,0.121,3,78.1
2022-05-29,IAH,G4,FL000001610,14:59:00,18:22:00,203,17:34:00,22:33:00,299,0,0,38,28,73,260,211,6.309,60,91.21
2022-05-30,ORD,B6,FL000001611,15:10:00,17:45:00,155,17:45:00,20:50:00,185,0,0,42,6,325,300,253,6.187,79,87.95
2022-05-31,DEN,F9,FL000001612,15:21:00,16:32:00,71,17:56:00,20:01:00,125,0,0,42,18,293,110,66,1.083,63,41.1
2022-06-01,CLT,F9,FL000001613,15:32:00,18:51:00,199,18:07:00,21:44:00,217,0,0,9,30,60,50,23,4.774,87,83.75
2022-06-02,DEN,F9,FL000001614,15:43:00,18:56:00,193,18:18:00,22:54:00,276,0,0,22,25,363,50,29,3.935,92,95.68
2022-06-03,DEN,WN,FL000001615,15:54:00,17:54:00,120,18:29:00,20:21:00,112,0,0,12,27,132,260,189,4.229,9,21.08
2022-06-04,IAH,WN,FL000001616,16:05:00,16:05:00,0,18:40:00,19:05:00,25,0,0,18,23,336,260,223,4.057,36,92.48
2022-06-05,DEN,NK,FL000001617,16:16:00,19:21:00,185,18:51:00,20:44:00,113,0,0,32,17,58,240,171,8.883,108,40.17
2022-06-06,MCO,DL,FL000001618,16:27:00,17:17:00,50,19:02:00,21:10:00,128,0,0,19,12,359,76,57,8.05,33,59.35
2022-06-07,ATL,NK,FL000001619,16:38:00,19:11:00,153,19:13:00,20:13:00,60,0,0,51,20,255,50,40,10.052,47,24.85
2022-06-08,SFO,AA,FL000001620,16:49:00,18:49:00,120,19:24:00,19:23:00,-1,0,0,44,23,59,76,58,4.371,13,61.59
2022-06-09,CLT,AA,FL000001621,17:00:00,18:00:00,60,19:35:00,22:25:00,170,0,0,45,27,131,70,41,3.423,101,84.65
2022-06-10,BOS,G4,FL000001622,17:11:00,19:17:00,126,19:46:00,00:04:00,258,0,0,12,10,147,190,86,9.079,64,11.93
2022-06-11,SEA,HA,FL000001623,17:22:00,19:04:00,102,19:57:00,20:52:00,55,0,0,12,30,99,240,223,11.921,11,16.57
2022-06-12,ATL,G4,FL000001624,17:33:00,21:30:00,237,20:08:00,23:28:00,200,0,0,11,27,144,220,103,1.405,85,14.32
2022-06-13,IAH,HA,FL000001625,17:44:00,20:55:00,191,20:19:00,21:40:00,81,0,0,6,10,191,160,141,3.703,84,83.38
2022-06-14,EWR,G4,FL000001626,17:55:00,19:16:00,81,20:30:00,00:35:00,245,0,0,44,5,101,76,72,3.082,95,17.44
2022-06-15,DEN,AS,FL000001627,18:06:00,21:28:00,202,20:41:00,21:29:00,48,0,0,11,17,339,260,185,9.188,3,20.02
2022-06-16,BWI,NK,FL000001628,18:17:00,19:36:00,79,20:52:00,00:22:00,210,0,0,10,28,290,90,45,6.372,99,92.95
2022-06-17,LAS,AA,FL000001629,18:28:00,20:10:00,102,21:03:00,21:17:00,14,0,0,28,24,362,240,171,0.304,119,61.77
2022-06-18,LGA,NK,FL000001630,18:39:00,19:13:00,34,21:14:00,02:00:00,286,0,0,30,20,130,190,99,0.381,6,44.39
2022-06-19,LAS,HA,FL000001631,18:50:00,19:40:00,50,21:25:00,00:54:00,209,0,0,48,23,343,220,175,6.156,79,96.77
2022-06-20,PHX,WN,FL000001632,19:01:00,21:11:00,130,21:36:00,21:38:00,2,0,0,32,21,284,110,77,8.119,53,24.85
2022-06-21,JFK,WN,FL000001633,19:12:00,23:10:00,238,21:47:00,01:20:00,213,0,0,29,17,319,150,116,5.459,69,95.0
2022-06-22,LAS,G4,FL000001634,19:23:00,20:23:00,60,21:58:00,21:43:00,-15,0,0,59,8,280,110,79,7.991,6,55.6
2022-06-23,SEA,HA,FL000001635,19:34:00,19:44:00,10,22:09:00,23:32:00,83,0,0,53,14,178,300,284,7.9,110,97.17
2022-06-24,DTW,WN,FL000001636,19:45:00,19:35:00,-10,22:20:00,02:05:00,225,0,0,18,22,63,175,122,11.521,119,14.24
2022-06-25,JFK,WN,FL000001637,19:56:00,20:43:00,47,22:31:00,02:28:00,237,0,0,37,19,167,50,42,1.2,70,14.34
2022-06-26,BOS,UA,FL000001638,20:07:00,21:19:00,72,22:42:00,00:42:00,120,0,0,28,8,309,70,46,10.629,98,36.83
2022-06-27,FLL,NK,FL000001639,20:18:00,00:13:00,235,22:53:00,01:06:00,133,0,0,51,10,331,160,130,6.551,95,46.77
2022-06-28,SEA,F9,FL000001640,20:29:00,22:18:00,109,23:04:00,01:26:00,142,0,0,5,19,32,175,103,8.214,8,32.02
2022-06-29,MSP,F9,FL000001641,20:40:00,22:34:00,114,23:15:00,01:44:00,149,0,0,24,8,267,90,71,0.819,43,64.25
2022-06-30,FLL,G4,FL000001642,20:51:00,00:36:00,225,23:26:00,01:03:00,97,0,0,55,8,42,130,86,4.857,1,76.65
2022-07-01,LGA,NK,FL000001643,21:02:00,23:34:00,152,23:37:00,02:11:00,154,0,0,57,19,250,150,77,5.4,85,16.47
2022-07-02,IAH,B6,FL000001644,21:13:00,23:38:00,145,23:48:00,02:16:00,148,0,0,32,26,359,160,104,1.632,88,59.69
2022-07-03,LGA,WN,FL000001645,21:24:00,21:42:00,18,23:59:00,02:37:00,158,0,0,35,24,104,175,138,4.881,75,96.97
2022-07-04,LAX,HA,FL000001646,21:35:00,23:11:00,96,00:10:00,02:19:00,129,0,0,47,12,238,160,115,6.64,60,42.62
2022-07-05,DFW,B6,FL000001647,21:46:00,23:37:00,111,00:21:00,00:20:00,-1,0,0,39,10,66,110,50,4.952,29,91.79
2022-07-06,JFK,B6,FL000001648,21:57:00,22:16:00,19,00:32:00,02:27:00,115,0,0,36,29,116,110,64,10.685,67,63.63
2022-07-07,MSP,AA,FL000001649,22:08:00,01:45:00,217,00:43:00,02:05:00,82,0,0,38,26,119,70,67,8.991,63,50.28
2022-07-08,MSP,NK,FL000001650,22:19:00,02:16:00,237,00:54:00,01:32:00,38,0,0,22,19,265,240,172,7.021,12,27.0
2022-07-09,LAS,DL,FL000001651,22:30:00,00:04:00,94,06:05:00,06:13:00,8,0,0,27,19,267,76,50,7.317,41,78.85
2022-07-10,ORD,AS,FL000001652,22:41:00,23:56:00,75,06:16:00,08:59:00,163,0,0,7,3,92,50,42,5.521,48,51.69
2022-07-11,LGA,AS,FL000001653,22:52:00,00:00:00,68,06:27:00,11:25:00,298,0,0,34,19,151,190,91,6.286,36,23.53
2022-07-12,SFO,NK,FL000001654,23:03:00,02:35:00,212,06:38:00,09:32:00,174,0,0,48,19,48,110,97,7.884,83,57.64
2022-07-13,PHX,F9,FL000001655,23:14:00,23:54:00,40,06:49:00,07:13:00,24,0,0,24,18,65,240,112,7.106,81,71.76
2022-07-14,JFK,DL,FL000001656,23:25:00,01:48:00,143,07:00:00,09:52:00,172,0,0,23,19,103,240,177,5.768,45,25.61
2022-07-15,FLL,NK,FL000001657,23:36:00,01:46:00,130,07:11:00,07:13:00,2,0,0,43,3,155,50,45,2.543,68,11.55
2022-07-16,ATL,B6,FL000001658,23:47:00,01:15:00,88,07:22:00,10:18:00,176,0,0,23,5,245,240,153,10.145,36,65.51
2022-07-17,SFO,G4,FL000001659,23:58:00,02:09:00,131,07:33:00,12:18:00,285,0,0,55,28,32,110,107,1.903,11,77.8
2022-07-18,BWI,WN,FL000001660,05:09:00,07:08:00,119,07:44:00,09:28:00,104,0,0,45,29,322,260,217,9.449,103,23.47
2022-07-19,MCO,UA,FL000001661,05:20:00,07:52:00,152,07:55:00,08:35:00,40,0,0,11,5,265,70,61,2.054,37,81.28
2022-07-20,SEA,UA,FL000001662,05:31:00,09:18:00,227,08:06:00,12:41:00,275,0,0,29,6,33,160,110,8.517,25,27.24
2022-07-21,PHX,G4,FL000001663,05:42:00,07:02:00,80,08:17:00,09:25:00,68,0,0,59,4,91,220,107,9.211,15,37.75
2022-07-22,ATL,NK,FL000001664,05:53:00,09:10:00,197,08:28:00,08:47:00,19,0,0,60,10,225,70,64,5.379,39,36.13
2022-07-23,LAX,UA,FL000001665,06:04:00,08:55:00,171,08:39:00,09:36:00,57,0,0,19,22,193,150,122,0.221,103,26.14
2022-07-24,CLT,HA,FL000001666,06:15:00,08:19:00,124,08:50:00,11:36:00,166,0,0,60,3,352,130,101,2.111,112,15.53
2022-07-25,JFK,DL,FL000001667,06:26:00,07:26:00,60,09:01:00,13:22:00,261,0,0,8,27,142,50,36,6.759,78,95.22
2022-07-26,LAS,WN,FL000001668,06:37:00,07:09:00,32,09:12:00,13:13:00,241,0,0,30,9,283,160,90,3.572,107,50.61
2022-07-27,LAX,UA,FL000001669,06:48:00,07:37:00,49,09:23:00,12:31:00,188,0,0,44,13,73,130,120,8.631,97,40.98
2022-07-28,IAH,UA,FL000001670,06:59:00,07:44:00,45,09:34:00,11:16:00,102,0,0,10,22,300,150,83,10.521,2,91.69
2022-07-29,LAS,NK,FL000001671,07:10:00,09:03:00,113,09:45:00,12:47:00,182,0,0,18,23,203,130,60,9.205,95,81.13
2022-07-30,DEN,AS,FL000001672,07:21:00,07:42:00,21,09:56:00,10:48:00,52,0,0,31,24,286,240,110,5.393,93,65.32
2022-07-31,LGA,AS,FL000001673,07:32:00,07:55:00,23,10:07:00,11:57:00,110,0,0,33,13,195,240,173,8.669,98,74.6
2022-08-01,IAH,AA,FL000001674,07:43:00,09:49:00,126,10:18:00,12:45:00,147,0,0,23,7,177,76,37,7.169,78,23.38
2022-08-02,LAX,NK,FL000001675,07:54:00,08:52:00,58,10:29:00,10:29:00,0,0,0,59,10,183,150,79,8.419,66,51.99
2022-08-03,BWI,AS,FL000001676,08:05:00,11:04:00,179,10:40:00,11:55:00,75,0,0,24,7,26,220,133,9.075,96,29.09
2022-08-04,EWR,DL,FL000001677,08:16:00,08:44:00,28,10:51:00,12:29:00,98,0,0,47,11,380,50,28,3.731,99,32.78
2022-08-05,JFK,F9,FL000001678,08:27:00,10:00:00,93,11:02:00,14:18:00,196,0,0,57,25,153,130,123,4.324,13,51.71
2022-08-06,SEA,UA,FL000001679,08:38:00,12:37:00,239,11:13:00,11:22:00,9,0,0,60,28,43,50,34,5.884,73,42.32
2022-08-07,MCO,B6,FL000001680,08:49:00,11:42:00,173,11:24:00,13:16:00,112,0,0,35,30,29,50,44,8.091,0,51.88
2022-08-08,ORD,F9,FL000001681,09:00:00,11:53:00,173,11:35:00,16:31:00,296,0,0,8,14,312,70,36,5.345,89,87.65
2022-08-09,DTW,G4,FL000001682,09:11:00,12:40:00,209,11:46:00,16:11:00,265,0,0,40,21,106,130,73,3.779,75,30.96
2022-08-10,PHX,B6,FL000001683,09:22:00,10:09:00,47,11:57:00,14:58:00,181,0,0,28,7,246,76,61,4.607,52,34.39
2022-08-11,LAS,B6,FL000001684,09:33:00,11:41:00,128,12:08:00,16:39:00,271,0,0,47,13,96,190,140,2.693,82,27.42
2022-08-12,SFO,HA,FL000001685,09:44:00,12:44:00,180,12:19:00,16:55:00,276,0,0,49,19,271,130,61,7.854,54,21.59
2022-08-13,LGA,G4,FL000001686,09:55:00,11:48:00,113,12:30:00,17:12:00,282,0,0,20,12,135,300,184,8.689,28,90.77
2022-08-14,DTW,DL,FL000001687,10:06:00,10:26:00,20,12:41:00,14:19:00,98,0,0,41,26,25,150,85,8.425,113,57.91
2022-08-15,MSP,F9,FL000001688,10:17:00,11:50:00,93,12:52:00,13:11:00,19,0,0,37,21,361,110,100,0.857,0,19.11
2022-08-16,MCO,AA,FL000001689,10:28:00,12:02:00,94,13:03:00,16:58:00,235,0,0,48,29,96,110,81,2.466,31,70.23
2022-08-17,BWI,B6,FL000001690,10:39:00,11:05:00,26,13:14:00,17:10:00,236,0,0,34,16,113,50,47,5.227,59,85.28
2022-08-18,SEA,DL,FL000001691,10:50:00,11:49:00,59,13:25:00,14:36:00,71,0,0,21,25,150,76,46,2.456,80,73.24
2022-08-19,ATL,G4,FL000001692,11:01:00,14:06:00,185,13:36:00,17:26:00,230,0,0,55,26,258,160,154,9.483,112,10.73
2022-08-20,DTW,WN,FL000001693,11:12:00,11:24:00,12,13:47:00,15:35:00,108,0,0,28,27,282,240,208,4.034,119,29.29
2022-08-21,DTW,NK,FL000001694,11:23:00,11:34:00,11,13:58:00,15:44:00,106,0,0,46,19,32,150,105,0.062,64,97.08
2022-08-22,DFW,F9,FL000001695,11:34:00,14:21:00,167,14:09:00,14:33:00,24,0,0,13,11,252,150,74,5.011,25,36.73
2022-08-23,LAX,AA,FL000001696,11:45:00,14:12:00,147,14:20:00,15:53:00,93,0,0,54,22,103,300,257,8.292,23,24.25
2022-08-24,MSP,G4,FL000001697,11:56:00,14:14:00,138,14:31:00,15:35:00,64,0,0,60,26,313,110,56,9.331,1,17.93
2022-08-25,SFO,HA,FL000001698,12:07:00,15:25:00,198,14:42:00,15:40:00,58,0,0,50,12,67,220,157,7.368,12,63.21
2022-08-26,JFK,AA,FL000001699,12:18:00,15:37:00,199,14:53:00,17:25:00,152,0,0,21,20,98,175,170,11.418,106,45.06
2022-08-27,MCO,G4,FL000001700,12:29:00,15:29:00,180,15:04:00,15:15:00,11,0,0,8,23,202,220,165,2.738,28,20.38
2022-08-28,MSP,G4,FL000001701,12:40:00,14:39:00,119,15:15:00,15:42:00,27,0,0,55,6,234,190,121,4.453,41,61.42
2022-08-29,ATL,F9,FL000001702,12:51:00,14:03:00,72,15:26:00,16:16:00,50,0,0,22,30,298,190,95,9.863,65,36.0
2022-08-30,FLL,B6,FL000001703,13:02:00,15:42:00,160,15:37:00,18:11:00,154,0,0,22,13,190,260,198,5.098,1,49.32
2022-08-31,DEN,NK,FL000001704,13:13:00,14:49:00,96,15:48:00,19:08:00,200,0,0,39,13,274,150,79,1.45,73,61.56
2022-09-01,DFW,B6,FL000001705,13:24:00,16:54:00,210,15:59:00,17:11:00,72,0,0,14,5,232,50,23,3.895,118,19.57
2022-09-02,SFO,G4,FL000001706,13:35:00,15:23:00,108,16:10:00,18:12:00,122,0,0,22,17,129,300,218,8.822,78,78.76
2022-09-03,SFO,AA,FL000001707,13:46:00,13:52:00,6,16:21:00,21:17:00,296,0,0,5,16,46,240,200,11.913,11,24.77
2022-09-04,ORD,DL,FL000001708,13:57:00,15:04:00,67,16:32:00,18:31:00,119,0,0,51,9,40,90,57,10.898,9,62.28
2022-09-05,LAX,AS,FL000001709,14:08:00,15:11:00,63,16:43:00,17:51:00,68,0,0,54,21,146,160,123,0.429,44,77.87
2022-09-06,DEN,WN,FL000001710,14:19:00,17:04:00,165,16:54:00,21:14:00,260,0,0,17,24,251,175,102,8.374,115,15.86
2022-09-07,SFO,DL,FL000001711,14:30:00,14:26:00,-4,17:05:00,17:32:00,27,0,0,5,23,364,90,71,3.184,98,15.94
2022-09-08,PHX,AA,FL000001712,14:41:00,16:43:00,122,17:16:00,21:04:00,228,1,0,13,15,293,70,61,2.738,84,28.08
2022-09-09,EWR,NK,FL000001713,14:52:00,15:22:00,30,17:27:00,18:17:00,50,0,0,17,28,135,240,182,5.852,59,14.03
2022-09-10,LAX,HA,FL000001714,15:03:00,16:32:00,89,17:38:00,19:15:00,97,0,0,31,13,207,240,125,4.706,2,38.5
2022-09-11,ORD,UA,FL000001715,15:14:00,15:07:00,-7,17:49:00,21:18:00,209,0,0,10,7,65,110,101,0.383,76,77.94
2022-09-12,SFO,B6,FL000001716,15:25:00,17:18:00,113,18:00:00,21:07:00,187,0,0,55,4,256,50,36,11.671,9,84.86
2022-09-13,SEA,AA,FL000001717,15:36:00,19:28:00,232,18:11:00,20:21:00,130,0,0,56,20,193,90,43,5.409,92,12.51
2022-09-14,JFK,B6,FL000001718,15:47:00,16:04:00,17,18:22:00,19:22:00,60,0,0,50,4,318,90,78,2.78,12,74.54
2022-09-15,DFW,DL,FL000001719,15:58:00,19:35:00,217,18:33:00,21:38:00,185,0,0,6,3,288,190,183,10.633,77,39.9
2022-09-16,ATL,WN,FL000001720,16:09:00,18:46:00,157,18:44:00,20:55:00,131,0,0,54,7,166,300,151,11.359,112,12.58
2022-09-17,PHX,AA,FL000001721,16:20:00,17:50:00,90,18:55:00,21:11:00,136,0,0,12,22,382,190,111,3.452,69,41.73
2022-09-18,SEA,AS,FL000001722,16:31:00,17:00:00,29,19:06:00,23:07:00,241,0,0,54,25,338,260,155,6.657,41,69.75
2022-09-19,EWR,B6,FL000001723,16:42:00,19:33:00,171,19:17:00,23:46:00,269,0,1,47,15,304,190,138,8.706,98,85.46
2022-09-20,FLL,NK,FL000001724,16:53:00,19:38:00,165,19:28:00,20:42:00,74,0,0,41,5,302,50,48,6.225,99,78.97
2022-09-21,PHX,DL,FL000001725,17:04:00,19:19:00,135,19:39:00,21:01:00,82,0,0,37,20,118,260,129,4.46,78,64.9
2022-09-22,MCO,WN,FL000001726,17:15:00,18:55:00,100,19:50:00,23:53:00,243,0,0,23,6,291,260,183,9.435,119,68.39
2022-09-23,BOS,F9,FL000001727,17:26:00,21:14:00,228,20:01:00,22:17:00,136,0,0,16,18,128,130,108,9.804,50,16.64
2022-09-24,ATL,AS,FL000001728,17:37:00,19:43:00,126,20:12:00,21:42:00,90,0,0,40,25,231,90,68,0.879,56,83.44
2022-09-25,CLT,G4,FL000001729,17:48:00,21:32:00,224,20:23:00,00:08:00,225,0,0,6,10,361,160,123,6.147,37,25.88
2022-09-26,DEN,NK,FL000001730,17:59:00,18:57:00,58,20:34:00,00:18:00,224,0,0,59,15,361,160,147,11.048,76,49.87
2022-09-27,ORD,DL,FL000001731,18:10:00,20:29:00,139,20:45:00,23:55:00,190,0,0,20,26,212,90,58,7.335,89,41.92
2022-09-28,LAS,AA,FL000001732,18:21:00,21:15:00,174,20:56:00,23:44:00,168,0,0,44,25,147,300,188,8.311,6,14.67
2022-09-29,SFO,UA,FL000001733,18:32:00,19:38:00,66,21:07:00,02:01:00,294,0,0,47,15,161,190,134,0.633,117,60.75
2022-09-30,DTW,AS,FL000001734,18:43:00,18:58:00,15,21:18:00,01:38:00,260,0,0,57,27,83,130,63,10.049,1,63.37
2022-10-01,PHX,NK,FL000001735,18:54:00,21:28:00,154,21:29:00,01:11:00,222,0,0,15,20,63,160,81,3.974,64,21.38
2022-10-02,EWR,DL,FL000001736,19:05:00,21:38:00,153,21:40:00,23:11:00,91,0,0,47,20,80,175,160,6.761,73,40.17
2022-10-03,ORD,AS,FL000001737,19:16:00,22:12:00,176,21:51:00,23:39:00,108,0,0,12,26,95,110,97,6.164,19,78.06
2022-10-04,CLT,AS,FL000001738,19:27:00,20:49:00,82,22:02:00,22:00:00,-2,0,0,15,12,224,175,88,6.302,36,39.96
2022-10-05,IAH,NK,FL000001739,19:38:00,20:25:00,47,22:13:00,02:40:00,267,0,0,40,10,63,150,99,3.278,95,41.7
2022-10-06,SFO,B6,FL000001740,19:49:00,23:14:00,205,22:24:00,02:54:00,270,0,0,10,22,194,240,151,10.187,41,18.04
2022-10-07,EWR,AA,FL000001741,20:00:00,22:41:00,161,22:35:00,23:25:00,50,0,0,37,3,167,160,136,8.853,14,81.37
2022-10-08,DEN,F9,FL000001742,20:11:00,23:58:00,227,22:46:00,02:09:00,203,0,0,31,19,288,175,85,1.655,66,95.91
2022-10-09,DTW,G4,FL000001743,20:22:00,21:03:00,41,22:57:00,00:19:00,82,0,0,12,13,84,50,35,4.688,88,87.87
2022-10-10,IAH,WN,FL000001744,20:33:00,00:09:00,216,23:08:00,00:05:00,57,0,0,39,3,99,110,84,9.568,41,85.23
2022-10-11,SEA,HA,FL000001745,20:44:00,00:41:00,237,23:19:00,03:08:00,229,0,0,45,15,267,130,67,9.109,66,19.74
2022-10-12,BOS,NK,FL000001746,20:55:00,21:56:00,61,23:30:00,23:46:00,16,0,0,6,13,332,110,78,3.784,14,32.15
2022-10-13,LAX,F9,FL000001747,21:06:00,00:49:00,223,23:41:00,23:34:00,-7,0,0,22,9,303,220,113,10.131,89,28.69
2022-10-14,IAH,G4,FL000001748,21:17:00,21:50:00,33,23:52:00,01:38:00,106,0,0,28,8,42,50,49,0.567,114,23.18
2022-10-15,JFK,WN,FL000001749,21:28:00,23:56:00,148,00:03:00,04:49:00,286,0,0,44,17,45,110,97,11.319,113,30.6
2022-10-16,MSP,B6,FL000001750,21:39:00,21:40:00,1,00:14:00,03:28:00,194,0,0,44,4,212,76,38,9.997,69,42.49
2022-10-17,BOS,WN,FL000001751,21:50:00,23:32:00,102,00:25:00,00:26:00,1,0,0,49,16,314,300,227,2.099,45,51.97
2022-10-18,CLT,G4,FL000001752,22:01:00,01:34:00,213,00:36:00,02:27:00,111,0,0,58,18,76,175,82,1.065,8,36.8
2022-10-19,MSP,HA,FL000001753,22:12:00,01:55:00,223,00:47:00,02:01:00,74,0,0,7,23,376,90,49,4.924,68,51.63
2022-10-20,SEA,DL,FL000001754,22:23:00,00:03:00,100,00:58:00,05:36:00,278,0,0,11,5,175,130,112,10.675,31,59.76
2022-10-21,FLL,F9,FL000001755,22:34:00,00:24:00,110,06:09:00,06:30:00,21,0,0,25,16,109,240,195,2.656,28,10.41
2022-10-22,JFK,WN,FL000001756,22:45:00,00:08:00,83,06:20:00,08:47:00,147,0,0,55,14,309,175,84,8.236,22,65.27
2022-10-23,DTW,UA,FL000001757,22:56:00,01:16:00,140,06:31:00,10:20:00,229,0,0,35,15,263,90,72,1.142,101,66.15
2022-10-24,CLT,AA,FL000001758,23:07:00,02:45:00,218,06:42:00,10:22:00,220,0,0,42,10,192,190,119,11.347,69,10.09
2022-10-25,FLL,HA,FL000001759,23:18:00,02:02:00,164,06:53:00,07:28:00,35,0,0,30,15,54,260,219,4.261,64,26.37
2022-10-26,DFW,DL,FL000001760,23:29:00,03:04:00,215,07:04:00,11:47:00,283,0,0,56,15,255,240,184,10.571,90,36.67
2022-10-27,DTW,WN,FL000001761,23:40:00,01:34:00,114,07:15:00,11:50:00,275,0,0,41,14,385,110,73,11.83,52,96.91
2022-10-28,PHX,DL,FL000001762,23:51:00,23:41:00,-10,07:26:00,07:36:00,10,0,0,33,30,95,175,106,7.974,52,13.72
2022-10-29,FLL,B6,FL000001763,05:02:00,05:03:00,1,07:37:00,07:41:00,4,0,0,13,7,174,110,56,0.306,65,62.42
2022-10-30,DFW,UA,FL000001764,05:13:00,06:09:00,56,07:48:00,09:35:00,107,0,0,13,5,273,50,44,9.392,68,63.29
2022-10-31,DTW,UA,FL000001765,05:24:00,05:55:00,31,07:59:00,09:43:00,104,0,0,52,8,371,175,168,1.443,58,32.26
2022-11-01,ORD,AS,FL000001766,05:35:00,08:27:00,172,08:10:00,09:37:00,87,0,0,15,24,183,150,103,9.038,30,86.22
2022-11-02,CLT,NK,FL000001767,05:46:00,08:24:00,158,08:21:00,12:20:00,239,0,0,30,14,358,50,26,5.077,56,77.34
2022-11-03,JFK,NK,FL000001768,05:57:00,09:20:00,203,08:32:00,11:57:00,205,0,0,23,30,311,90,78,7.262,80,93.24
2022-11-04,LAS,AA,FL000001769,06:08:00,07:01:00,53,08:43:00,10:33:00,110,0,0,47,5,37,160,74,0.97,120,18.97
2022-11-05,FLL,DL,FL000001770,06:19:00,07:59:00,100,08:54:00,13:09:00,255,0,0,22,12,112,190,160,11.301,61,97.11
2022-11-06,BWI,NK,FL000001771,06:30:00,08:19:00,109,09:05:00,10:58:00,113,0,0,42,13,359,130,78,10.594,81,28.98
2022-11-07,CLT,DL,FL000001772,06:41:00,08:22:00,101,09:16:00,13:40:00,264,0,0,6,19,313,70,50,2.441,34,46.42
2022-11-08,DEN,UA,FL000001773,06:52:00,10:12:00,200,09:27:00,11:10:00,103,0,0,56,29,358,70,41,3.76,33,75.75
2022-11-09,IAH,HA,FL000001774,07:03:00,07:55:00,52,09:38:00,10:25:00,47,0,0,59,11,50,76,58,3.824,9,59.4
2022-11-10,PHX,UA,FL000001775,07:14:00,09:03:00,109,09:49:00,13:18:00,209,0,0,49,5,174,160,127,4.853,28,18.91
2022-11-11,MSP,F9,FL000001776,07:25:00,10:11:00,166,10:00:00,11:01:00,61,0,0,55,20,64,76,54,0.307,106,14.09
2022-11-12,FLL,AA,FL000001777,07:36:00,07:43:00,7,10:11:00,12:41:00,150,0,0,30,6,373,70,51,5.564,42,61.89
2022-11-13,SFO,UA,FL000001778,07:47:00,10:50:00,183,10:22:00,11:22:00,60,0,0,18,4,258,240,194,7.493,12,26.23
2022-11-14,CLT,B6,FL000001779,07:58:00,08:19:00,21,10:33:00,15:19:00,286,0,0,24,17,257,175,144,11.059,107,58.94
2022-11-15,IAH,B6,FL000001780,08:09:00,10:52:00,163,10:44:00,15:30:00,286,0,0,22,24,279,76,37,9.541,16,17.22
2022-11-16,DTW,B6,FL000001781,08:20:00,08:11:00,-9,10:55:00,15:00:00,245,0,0,24,20,145,175,93,4.285,34,44.27
2022-11-17,DEN,NK,FL000001782,08:31:00,12:22:00,231,11:06:00,11:16:00,10,0,0,35,7,137,110,60,4.704,90,56.55
2022-11-18,DFW,B6,FL000001783,08:42:00,08:48:00,6,11:17:00,15:43:00,266,0,0,6,6,117,160,86,5.182,51,43.63
2022-11-19,JFK,B6,FL000001784,08:53:00,08:50:00,-3,11:28:00,14:34:00,186,0,0,14,12,362,240,124,4.146,11,22.46
2022-11-20,LAS,NK,FL000001785,09:04:00,08:54:00,-10,11:39:00,14:34:00,175,0,0,50,24,119,260,176,3.137,78,95.53
2022-11-21,IAH,F9,FL000001786,09:15:00,12:05:00,170,11:50:00,13:40:00,110,0,0,54,17,151,220,160,0.612,55,93.03
2022-11-22,SFO,AS,FL000001787,09:26:00,12:36:00,190,12:01:00,14:10:00,129,0,0,7,21,113,70,32,5.075,74,62.23
2022-11-23,LAX,WN,FL000001788,09:37:00,09:27:00,-10,12:12:00,16:16:00,244,0,0,53,20,102,160,126,4.391,56,45.02
2022-11-24,FLL,B6,FL000001789,09:48:00,12:00:00,132,12:23:00,12:35:00,12,0,0,23,3,57,130,94,3.843,68,59.54
2022-11-25,MCO,HA,FL000001790,09:59:00,12:09:00,130,12:34:00,13:21:00,47,0,0,9,7,248,160,155,4.288,70,47.42
2022-11-26,EWR,AS,FL000001791,10:10:00,11:35:00,85,12:45:00,16:32:00,227,0,0,29,14,222,240,131,11.499,37,68.98
2022-11-27,FLL,NK,FL000001792,10:21:00,10:41:00,20,12:56:00,17:23:00,267,0,0,54,5,75,110,63,8.485,30,30.73
2022-11-28,FLL,AA,FL000001793,10:32:00,14:10:00,218,13:07:00,17:21:00,254,0,0,23,17,321,130,65,0.749,6,76.61
2022-11-29,BOS,AS,FL000001794,10:43:00,13:33:00,170,13:18:00,14:52:00,94,0,0,56,11,41,240,126,8.061,57,26.25
2022-11-30,LAS,AA,FL000001795,10:54:00,13:46:00,172,13:29:00,17:15:00,226,0,0,57,26,357,190,184,0.804,96,24.48
2022-12-01,ORD,F9,FL000001796,11:05:00,13:44:00,159,13:40:00,17:37:00,237,0,0,49,10,55,90,86,7.396,3,11.54
2022-12-02,DFW,G4,FL000001797,11:16:00,14:01:00,165,13:51:00,16:12:00,141,0,0,58,16,164,90,53,10.169,61,92.94
2022-12-03,IAH,AA,FL000001798,11:27:00,11:17:00,-10,14:02:00,14:16:00,14,0,0,17,14,261,160,132,5.745,37,85.92
2022-12-04,DEN,AS,FL000001799,11:38:00,13:13:00,95,14:13:00,14:45:00,32,0,0,46,26,111,160,124,8.795,92,83.65
2022-12-05,MCO,NK,FL000001800,11:49:00,13:37:00,108,14:24:00,17:12:00,168,0,0,56,26,40,240,208,7.964,58,69.22
2022-12-06,LAX,B6,FL000001801,12:00:00,12:02:00,2,14:35:00,19:13:00,278,0,0,50,9,313,240,162,2.424,98,39.99
2022-12-07,ATL,NK,FL000001802,12:11:00,14:02:00,111,14:46:00,17:10:00,144,0,0,19,24,126,130,103,9.147,64,66.86
2022-12-08,ATL,B6,FL000001803,12:22:00,16:17:00,235,14:57:00,19:10:00,253,0,0,32,23,196,260,145,7.353,85,76.72
2022-12-09,CLT,WN,FL000001804,12:33:00,14:36:00,123,15:08:00,18:20:00,192,0,0,14,30,169,240,137,11.191,90,73.46
2022-12-10,ATL,DL,FL000001805,12:44:00,14:12:00,88,15:19:00,20:15:00,296,0,0,22,3,62,300,206,4.274,88,17.1
2022-12-11,LAX,B6,FL000001806,12:55:00,14:57:00,122,15:30:00,15:17:00,-13,0,0,53,21,163,240,196,4.927,69,74.92
2022-12-12,PHX,HA,FL000001807,13:06:00,14:01:00,55,15:41:00,17:41:00,120,0,0,25,3,245,260,212,10.665,106,50.76
2022-12-13,SFO,B6,FL000001808,13:17:00,14:50:00,93,15:52:00,19:14:00,202,0,0,57,30,356,190,162,1.323,111,79.96
2022-12-14,FLL,AS,FL000001809,13:28:00,13:40:00,12,16:03:00,17:13:00,70,0,0,27,29,267,90,87,0.698,117,82.92
2022-12-15,BWI,WN,FL000001810,13:39:00,13:30:00,-9,16:14:00,19:18:00,184,0,0,5,17,142,160,92,8.873,66,52.23
2022-12-16,MSP,NK,FL000001811,13:50:00,15:16:00,86,16:25:00,17:41:00,76,0,0,42,4,216,90,78,7.635,86,44.71
2022-12-17,SEA,B6,FL000001812,14:01:00,15:23:00,82,16:36:00,17:33:00,57,0,0,55,17,62,76,53,5.437,80,85.95
2022-12-18,SFO,NK,FL000001813,14:12:00,15:07:00,55,16:47:00,18:18:00,91,0,0,49,19,102,76,60,10.526,39,86.74
2022-12-19,LAX,WN,FL000001814,14:23:00,17:55:00,212,16:58:00,17:14:00,16,0,0,52,30,292,240,126,6.798,59,22.62
2022-12-20,JFK,G4,FL000001815,14:34:00,16:00:00,86,17:09:00,17:35:00,26,0,0,54,15,200,90,79,4.521,51,37.04
2022-12-21,IAH,DL,FL000001816,14:45:00,16:21:00,96,17:20:00,21:43:00,263,0,0,11,28,263,90,61,2.086,51,57.2
2022-12-22,MSP,G4,FL000001817,14:56:00,16:48:00,112,17:31:00,21:30:00,239,0,0,5,20,89,260,148,8.606,106,31.23
2022-12-23,EWR,G4,FL000001818,15:07:00,17:16:00,129,17:42:00,21:54:00,252,0,0,25,26,128,70,34,1.784,67,43.54
2022-12-24,LGA,AA,FL000001819,15:18:00,19:08:00,230,17:53:00,21:44:00,231,0,0,45,27,352,150,82,8.805,94,86.37
2022-12-25,SFO,HA,FL000001820,15:29:00,16:45:00,76,18:04:00,18:59:00,55,0,0,25,13,91,76,36,0.001,15,70.75
2022-12-26,SFO,B6,FL000001821,15:40:00,19:13:00,213,18:15:00,20:35:00,140,0,0,27,20,160,190,97,7.787,111,89.37
2022-12-27,MSP,HA,FL000001822,15:51:00,19:03:00,192,18:26:00,21:18:00,172,0,0,20,25,111,70,54,10.287,70,80.5
2022-12-28,MSP,WN,FL000001823,16:02:00,16:20:00,18,18:37:00,19:38:00,61,0,0,27,25,356,175,125,8.144,13,38.99
2022-12-29,LAX,UA,FL000001824,16:13:00,16:51:00,38,18:48:00,23:20:00,272,0,0,32,6,314,260,145,3.326,107,51.76
2022-12-30,MSP,AS,FL000001825,16:24:00,17:10:00,46,18:59:00,20:06:00,67,0,0,48,20,105,110,92,3.788,44,34.23
2022-12-31,JFK,DL,FL000001826,16:35:00,18:11:00,96,19:10:00,22:43:00,213,0,0,50,13,259,70,50,11.331,66,45.53
2023-01-01,DEN,HA,FL000001827,16:46:00,16:47:00,1,19:21:00,21:42:00,141,0,0,18,3,34,160,94,0.499,65,37.43
2023-01-02,PHX,F9,FL000001828,16:57:00,18:36:00,99,19:32:00,20:25:00,53,0,0,60,12,238,50,33,11.295,19,18.71
2023-01-03,DEN,WN,FL000001829,17:08:00,19:42:00,154,19:43:00,19:45:00,2,0,0,53,10,38,220,105,7.018,58,16.26
2023-01-04,JFK,AA,FL000001830,17:19:00,18:56:00,97,19:54:00,22:29:00,155,0,0,55,28,169,220,168,3.255,3,39.55
2023-01-05,EWR,AA,FL000001831,17:30:00,20:31:00,181,20:05:00,21:21:00,76,0,0,15,4,316,190,98,11.094,69,12.58
2023-01-06,DFW,HA,FL000001832,17:41:00,18:06:00,25,20:16:00,20:20:00,4,0,0,11,3,79,110,62,6.105,58,13.07
2023-01-07,SEA,G4,FL000001833,17:52:00,17:55:00,3,20:27:00,21:51:00,84,0,0,8,15,309,70,49,10.378,1,67.34
2023-01-08,CLT,AA,FL000001834,18:03:00,20:32:00,149,20:38:00,00:32:00,234,0,0,22,3,300,110,50,2.783,30,60.25
2023-01-09,ORD,AS,FL000001835,18:14:00,20:08:00,114,20:49:00,23:07:00,138,0,0,25,24,316,76,68,9.236,7,38.98
2023-01-10,FLL,DL,FL000001836,18:25:00,19:25:00,60,21:00:00,23:10:00,130,0,0,33,24,60,150,110,0.419,81,48.34
2023-01-11,ORD,HA,FL000001837,18:36:00,21:32:00,176,21:11:00,21:38:00,27,0,0,50,17,290,220,152,11.608,31,71.03
2023-01-12,CLT,UA,FL000001838,18:47:00,20:22:00,95,21:22:00,23:33:00,131,0,0,43,29,346,190,86,8.502,48,66.47
2023-01-13,DFW,UA,FL000001839,18:58:00,22:22:00,204,21:33:00,23:21:00,108,0,0,25,16,209,160,146,2.256,48,65.43
2023-01-14,PHX,HA,FL000001840,19:09:00,19:11:00,2,21:44:00,23:02:00,78,0,0,11,20,386,160,124,4.319,114,96.52
2023-01-15,PHX,NK,FL000001841,19:20:00,19:35:00,15,21:55:00,21:47:00,-8,0,0,26,22,264,175,151,1.299,25,13.86
2023-01-16,LAS,NK,FL000001842,19:31:00,23:04:00,213,22:06:00,01:21:00,195,0,0,25,8,148,160,138,7.299,3,11.57
2023-01-17,CLT,F9,FL000001843,19:42:00,20:09:00,27,22:17:00,23:06:00,49,0,0,10,11,255,175,167,2.611,19,44.15
2023-01-18,DFW,G4,FL000001844,19:53:00,20:18:00,25,22:28:00,01:10:00,162,0,0,60,5,71,130,127,1.012,63,50.0
2023-01-19,PHX,F9,FL000001845,20:04:00,20:24:00,20,22:39:00,02:26:00,227,0,0,41,19,303,70,35,7.12,17,35.36
2023-01-20,SFO,WN,FL000001846,20:15:00,21:13:00,58,22:50:00,01:35:00,165,0,0,25,15,244,240,145,4.234,113,86.81
2023-01-21,LGA,G4,FL000001847,20:26:00,21:03:00,37,23:01:00,23:18:00,17,0,0,28,16,174,175,137,1.597,116,31.06
2023-01-22,PHX,NK,FL000001848,20:37:00,20:47:00,10,23:12:00,00:31:00,79,0,0,59,24,32,110,103,8.18,40,60.02
2023-01-23,ATL,WN,FL000001849,20:48:00,21:10:00,22,23:23:00,04:01:00,278,0,0,52,4,41,70,59,10.765,26,82.16
2023-01-24,DEN,UA,FL000001850,20:59:00,22:56:00,117,23:34:00,04:24:00,290,0,0,22,4,44,130,86,3.716,81,79.09
2023-01-25,ORD,UA,FL000001851,21:10:00,21:13:00,3,23:45:00,01:27:00,102,0,0,58,6,321,175,118,7.014,17,70.01
2023-01-26,LAS,B6,FL000001852,21:21:00,23:43:00,142,23:56:00,01:15:00,79,0,0,45,17,192,150,130,3.449,25,27.16
2023-01-27,ORD,AS,FL000001853,21:32:00,23:25:00,113,00:07:00,00:37:00,30,0,0,38,28,267,110,101,10.03,93,15.23
2023-01-28,LGA,NK,FL000001854,21:43:00,00:56:00,193,00:18:00,02:31:00,133,0,0,34,10,361,110,96,6.241,22,20.97
2023-01-29,BWI,UA,FL000001855,21:54:00,22:52:00,58,00:29:00,01:22:00,53,0,0,15,10,374,160,103,0.328,4,83.11
2023-01-30,CLT,AA,FL000001856,22:05:00,01:27:00,202,00:40:00,03:45:00,185,0,0,11,21,338,76,44,5.538,34,49.78
2023-01-31,DEN,G4,FL000001857,22:16:00,01:19:00,183,00:51:00,01:10:00,19,0,0,13,5,390,50,44,7.266,26,47.45
2023-02-01,ORD,G4,FL000001858,22:27:00,01:16:00,169,06:02:00,07:39:00,97,0,0,52,13,257,240,193,2.813,81,39.14
2023-02-02,EWR,WN,FL000001859,22:38:00,00:30:00,112,06:13:00,08:37:00,144,0,0,41,19,77,240,197,11.623,81,40.28
2023-02-03,LAX,UA,FL000001860,22:49:00,02:40:00,231,06:24:00,08:37:00,133,0,0,43,21,310,160,133,9.724,12,67.72
2023-02-04,IAH,B6,FL000001861,23:00:00,02:21:00,201,06:35:00,10:26:00,231,0,0,36,29,187,190,175,1.601,85,49.77
2023-02-05,CLT,AS,FL000001862,23:11:00,01:19:00,128,06:46:00,10:25:00,219,0,0,18,30,115,70,32,5.785,96,48.66
2023-02-06,BWI,G4,FL000001863,23:22:00,01:48:00,146,06:57:00,10:02:00,185,0,0,11,4,211,175,154,9.211,26,23.46
2023-02-07,BWI,B6,FL000001864,23:33:00,23:25:00,-8,07:08:00,08:06:00,58,0,0,36,5,152,90,74,10.731,47,28.92
2023-02-08,BWI,AA,FL000001865,23:44:00,02:26:00,162,07:19:00,08:42:00,83,0,0,34,20,149,190,149,8.005,83,93.36
2023-02-09,DTW,AA,FL000001866,23:55:00,02:12:00,137,07:30:00,08:44:00,74,0,0,53,3,116,90,59,5.872,91,49.45
2023-02-10,ATL,DL,FL000001867,05:06:00,08:27:00,201,07:41:00,09:16:00,95,0,0,16,9,197,220,130,8.264,112,94.69
2023-02-11,MCO,B6,FL000001868,05:17:00,05:55:00,38,07:52:00,11:32:00,220,0,0,17,25,209,300,156,9.305,98,46.91
2023-02-12,SFO,AA,FL000001869,05:28:00,08:48:00,200,08:03:00,08:59:00,56,0,0,29,4,219,70,49,4.18,120,24.2
2023-02-13,LAS,UA,FL000001870,05:39:00,06:36:00,57,08:14:00,11:28:00,194,0,0,20,18,240,50,37,7.347,8,67.81
2023-02-14,PHX,NK,FL000001871,05:50:00,06:52:00,62,08:25:00,12:48:00,263,0,0,7,16,227,70,46,5.067,110,87.19
2023-02-15,ATL,AS,FL000001872,06:01:00,09:03:00,182,08:36:00,12:15:00,219,0,0,20,8,124,50,28,6.333,75,45.8
2023-02-16,ORD,UA,FL000001873,06:12:00,09:26:00,194,08:47:00,13:12:00,265,0,0,44,28,357,160,108,5.211,2,78.74
2023-02-17,JFK,AS,FL000001874,06:23:00,09:30:00,187,08:58:00,08:52:00,-6,0,0,24,8,141,50,40,6.686,25,63.85
2023-02-18,JFK,HA,FL000001875,06:34:00,08:29:00,115,09:09:00,14:02:00,293,0,0,51,3,289,150,132,9.241,6,75.89
2023-02-19,EWR,UA,FL000001876,06:45:00,10:34:00,229,09:20:00,10:35:00,75,0,0,53,11,83,160,118,8.984,2,91.52
2023-02-20,FLL,AS,FL000001877,06:56:00,07:29:00,33,09:31:00,12:44:00,193,0,0,49,13,288,90,44,10.351,106,35.54
2023-02-21,CLT,B6,FL000001878,07:07:00,10:12:00,185,09:42:00,10:45:00,63,0,0,32,13,373,76,43,2.051,119,94.47
2023-02-22,CLT,NK,FL000001879,07:18:00,07:34:00,16,09:53:00,14:34:00,281,0,0,9,10,61,76,54,11.517,67,69.73
2023-02-23,SEA,WN,FL000001880,07:29:00,08:47:00,78,10:04:00,11:07:00,63,0,0,51,9,158,220,163,9.665,20,69.13
2023-02-24,CLT,NK,FL000001881,07:40:00,09:35:00,115,10:15:00,12:19:00,124,0,0,51,13,28,160,132,7.534,2,79.25
2023-02-25,DTW,AA,FL000001882,07:51:00,10:24:00,153,10:26:00,13:47:00,201,0,0,10,11,178,175,121,1.785,0,78.9
2023-02-26,CLT,DL,FL000001883,08:02:00,09:38:00,96,10:37:00,13:59:00,202,0,0,51,29,261,240,181,11.693,117,44.94
2023-02-27,SFO,AA,FL000001884,08:13:00,12:06:00,233,10:48:00,14:29:00,221,0,0,43,10,370,175,89,6.263,83,37.88
2023-02-28,JFK,AA,FL000001885,08:24:00,11:37:00,193,10:59:00,14:00:00,181,0,0,47,19,189,130,106,11.919,15,68.68
2023-03-01,EWR,AS,FL000001886,08:35:00,09:18:00,43,11:10:00,14:54:00,224,0,0,43,3,85,150,105,9.706,95,12.25
2023-03-02,BOS,DL,FL000001887,08:46:00,10:17:00,91,11:21:00,12:14:00,53,0,0,43,23,219,150,73,11.604,91,67.8
2023-03-03,FLL,WN,FL000001888,08:57:00,10:43:00,106,11:32:00,16:08:00,276,0,0,5,4,87,130,72,3.483,25,35.6
2023-03-04,DFW,G4,FL000001889,09:08:00,12:09:00,181,11:43:00,15:51:00,248,1,0,41,12,368,70,55,2.607,30,12.31
2023-03-05,LGA,G4,FL000001890,09:19:00,09:12:00,-7,11:54:00,14:13:00,139,0,0,11,9,65,260,184,5.492,84,73.16
2023-03-06,CLT,B6,FL000001891,09:30:00,12:58:00,208,12:05:00,15:19:00,194,0,0,22,10,384,260,231,10.685,115,61.87
2023-03-07,EWR,UA,FL000001892,09:41:00,13:02:00,201,12:16:00,14:37:00,141,0,0,44,8,339,190,137,2.983,91,52.97
2023-03-08,BWI,B6,FL000001893,09:52:00,13:25:00,213,12:27:00,12:43:00,16,0,0,40,14,332,240,157,0.521,27,49.0
2023-03-09,BWI,AS,FL000001894,10:03:00,12:56:00,173,12:38:00,12:59:00,21,0,0,13,23,143,130,97,11.921,54,80.6
2023-03-10,ATL,UA,FL000001895,10:14:00,11:00:00,46,12:49:00,16:19:00,210,0,0,6,6,229,90,80,2.102,105,64.62
2023-03-11,BOS,UA,FL000001896,10:25:00,11:09:00,44,13:00:00,15:37:00,157,0,0,14,20,76,240,179,3.467,82,73.25
2023-03-12,LAX,UA,FL000001897,10:36:00,12:04:00,88,13:11:00,17:25:00,254,0,0,32,14,116,76,42,1.041,110,69.83
2023-03-13,PHX,F9,FL000001898,10:47:00,14:03:00,196,13:22:00,16:27:00,185,0,0,54,12,54,110,51,5.1,96,50.18
2023-03-14,BOS,DL,FL000001899,10:58:00,14:53:00,235,13:33:00,17:52:00,259,0,0,45,15,386,190,128,1.144,2,53.46
2023-03-15,SEA,WN,FL000001900,11:09:00,11:55:00,46,13:44:00,14:00:00,16,0,0,34,29,82,260,202,9.214,103,52.73
2023-03-16,ORD,HA,FL000001901,11:20:00,13:14:00,114,13:55:00,14:03:00,8,0,0,57,14,67,190,144,5.182,72,80.86
2023-03-17,EWR,HA,FL000001902,11:31:00,13:46:00,135,14:06:00,17:14:00,188,0,0,53,23,357,130,61,10.368,22,76.05
2023-03-18,IAH,G4,FL000001903,11:42:00,15:08:00,206,14:17:00,15:29:00,72,0,0,42,13,388,76,34,7.037,89,14.23
2023-03-19,JFK,AA,FL000001904,11:53:00,15:41:00,228,14:28:00,19:25:00,297,0,0,58,26,255,150,90,4.47,50,32.71
2023-03-20,SEA,AS,FL000001905,12:04:00,15:38:00,214,14:39:00,19:26:00,287,1,0,38,4,106,150,89,9.967,81,14.48
2023-03-21,ATL,HA,FL000001906,12:15:00,14:05:00,110,14:50:00,18:14:00,204,0,0,46,22,327,175,109,2.056,116,13.7
2023-03-22,CLT,B6,FL000001907,12:26:00,13:09:00,43,15:01:00,17:44:00,163,0,0,18,4,244,175,123,11.562,97,63.51
2023-03-23,EWR,B6,FL000001908,12:37:00,13:00:00,23,15:12:00,15:34:00,22,0,0,28,21,314,150,96,1.402,102,50.82
2023-03-24,CLT,B6,FL000001909,12:48:00,14:45:00,117,15:23:00,16:07:00,44,0,0,56,29,309,150,123,8.022,24,28.86
2023-03-25,MCO,AS,FL000001910,12:59:00,14:50:00,111,15:34:00,19:07:00,213,0,0,47,21,48,175,87,11.592,12,28.7
2023-03-26,FLL,G4,FL000001911,13:10:00,13:40:00,30,15:45:00,19:44:00,239,0,0,48,27,252,130,77,10.633,43,43.99
2023-03-27,LAX,F9,FL000001912,13:21:00,16:10:00,169,15:56:00,17:16:00,80,0,0,5,23,120,300,204,5.403,1,48.5
2023-03-28,MCO,AA,FL000001913,13:32:00,13:43:00,11,16:07:00,20:08:00,241,0,0,7,10,120,175,123,3.398,35,64.19
2023-03-29,BWI,F9,FL000001914,13:43:00,17:15:00,212,16:18:00,18:38:00,140,0,0,56,28,162,300,291,10.676,19,16.46
2023-03-30,ATL,AA,FL000001915,13:54:00,17:53:00,239,16:29:00,20:44:00,255,0,0,26,8,112,76,48,10.325,37,23.16
2023-03-31,LAS,B6,FL000001916,14:05:00,14:40:00,35,16:40:00,16:35:00,-5,0,0,42,20,157,260,159,6.103,39,39.1
2023-04-01,BOS,AS,FL000001917,14:16:00,16:03:00,107,16:51:00,19:52:00,181,0,0,37,3,62,300,250,7.168,4,51.43
2023-04-02,IAH,UA,FL000001918,14:27:00,17:18:00,171,17:02:00,21:10:00,248,0,0,6,11,313,160,81,2.911,115,31.04
2023-04-03,DEN,UA,FL000001919,14:38:00,17:12:00,154,17:13:00,22:04:00,291,0,0,33,8,124,150,86,2.64,113,82.83
2023-04-04,SFO,NK,FL000001920,14:49:00,16:08:00,79,17:24:00,21:31:00,247,0,0,51,29,253,150,143,4.544,91,36.95
2023-04-05,DEN,F9,FL000001921,15:00:00,15:50:00,50,17:35:00,22:26:00,291,0,0,18,16,302,190,160,2.362,20,36.42
2023-04-06,EWR,AA,FL000001922,15:11:00,16:21:00,70,17:46:00,17:52:00,6,0,0,56,14,382,300,276,0.469,51,79.79
2023-04-07,PHX,B6,FL000001923,15:22:00,15:47:00,25,17:57:00,19:14:00,77,0,0,54,20,300,50,25,2.512,13,76.21
2023-04-08,EWR,AA,FL000001924,15:33:00,17:17:00,104,18:08:00,18:49:00,41,0,0,43,4,321,150,129,1.003,70,46.87
2023-04-09,IAH,DL,FL000001925,15:44:00,19:37:00,233,18:19:00,19:54:00,95,0,1,30,12,73,90,82,5.725,86,61.75
2023-04-10,SFO,G4,FL000001926,15:55:00,18:25:00,150,18:30:00,19:58:00,88,0,0,44,6,183,76,73,8.667,56,30.46
2023-04-11,MSP,AS,FL000001927,16:06:00,16:49:00,43,18:41:00,18:38:00,-3,1,0,39,24,165,300,207,8.876,19,63.43
2023-04-12,FLL,F9,FL000001928,16:17:00,16:37:00,20,18:52:00,22:25:00,213,0,0,26,13,188,160,151,8.558,85,50.87
2023-04-13,FLL,NK,FL000001929,16:28:00,17:00:00,32,19:03:00,20:19:00,76,0,0,17,22,230,90,51,8.302,63,14.68
2023-04-14,DEN,DL,FL000001930,16:39:00,17:19:00,40,19:14:00,20:29:00,75,0,0,35,28,187,130,99,9.224,23,78.98
2023-04-15,BOS,AA,FL000001931,16:50:00,17:33:00,43,19:25:00,22:17:00,172,0,0,54,22,258,260,184,11.691,95,39.96
2023-04-16,PHX,B6,FL000001932,17:01:00,18:04:00,63,19:36:00,23:30:00,234,0,0,8,26,240,110,70,7.113,119,75.29
2023-04-17,SEA,NK,FL000001933,17:12:00,19:26:00,134,19:47:00,20:40:00,53,0,0,20,9,81,50,24,3.254,77,10.1
2023-04-18,DFW,DL,FL000001934,17:23:00,18:29:00,66,19:58:00,20:12:00,14,0,0,47,17,101,160,129,7.251,67,74.83
2023-04-19,BOS,B6,FL000001935,17:34:00,19:26:00,112,20:09:00,23:11:00,182,0,0,19,26,308,130,116,7.27,61,63.23
2023-04-20,DEN,DL,FL000001936,17:45:00,18:05:00,20,20:20:00,20:48:00,28,0,0,22,5,40,90,86,1.959,54,60.89
2023-04-21,ORD,HA,FL000001937,17:56:00,18:51:00,55,20:31:00,23:03:00,152,0,0,59,10,180,90,68,5.071,10,93.75
2023-04-22,LAX,WN,FL000001938,18:07:00,21:32:00,205,20:42:00,22:46:00,124,0,0,60,23,336,150,98,1.461,3,90.33
2023-04-23,ATL,WN,FL000001939,18:18:00,21:29:00,191,20:53:00,21:32:00,39,0,0,48,19,67,50,27,8.018,96,51.11
2023-04-24,DFW,UA,FL000001940,18:29:00,21:43:00,194,21:04:00,23:43:00,159,0,0,33,10,370,240,155,3.903,92,87.95
2023-04-25,JFK,AS,FL000001941,18:40:00,20:02:00,82,21:15:00,00:19:00,184,0,0,14,28,26,50,45,5.804,81,41.04
2023-04-26,SFO,UA,FL000001942,18:51:00,21:19:00,148,21:26:00,21:44:00,18,0,0,27,4,260,260,119,2.486,10,68.1
2023-04-27,LAS,WN,FL000001943,19:02:00,19:34:00,32,21:37:00,22:10:00,33,0,0,40,23,229,130,98,9.184,108,30.12
2023-04-28,ATL,NK,FL000001944,19:13:00,20:48:00,95,21:48:00,01:42:00,234,0,0,38,26,184,175,144,6.25,18,14.0
2023-04-29,SEA,AA,FL000001945,19:24:00,19:46:00,22,21:59:00,02:20:00,261,0,0,9,22,279,175,111,0.371,66,58.53
2023-04-30,LGA,DL,FL000001946,19:35:00,22:43:00,188,22:10:00,01:52:00,222,0,0,30,10,74,150,71,1.342,23,85.55
2023-05-01,SFO,NK,FL000001947,19:46:00,21:33:00,107,22:21:00,01:56:00,215,0,0,20,13,81,70,60,11.083,6,10.11
2023-05-02,MCO,HA,FL000001948,19:57:00,22:38:00,161,22:32:00,02:45:00,253,0,0,39,6,284,220,181,3.141,79,83.75
2023-05-03,ORD,WN,FL000001949,20:08:00,20:15:00,7,22:43:00,22:34:00,-9,0,0,51,14,94,70,64,0.031,2,89.87
2023-05-04,DFW,NK,FL000001950,20:19:00,23:03:00,164,22:54:00,03:44:00,290,0,0,19,20,153,260,250,7.567,36,72.97
2023-05-05,CLT,B6,FL000001951,20:30:00,23:09:00,159,23:05:00,01:45:00,160,0,0,56,18,240,175,79,10.33,56,84.84
2023-05-06,SFO,AA,FL000001952,20:41:00,22:39:00,118,23:16:00,01:30:00,134,0,0,59,26,113,175,140,2.617,18,72.26
2023-05-07,SFO,F9,FL000001953,20:52:00,23:39:00,167,23:27:00,00:41:00,74,0,0,49,5,28,130,78,8.794,6,54.49
2023-05-08,LGA,B6,FL000001954,21:03:00,21:04:00,1,23:38:00,23:51:00,13,0,0,16,19,206,240,140,9.656,98,37.56
2023-05-09,ATL,G4,FL000001955,21:14:00,22:06:00,52,23:49:00,00:54:00,65,0,0,54,3,174,240,213,7.637,94,41.11
2023-05-10,MCO,AA,FL000001956,21:25:00,21:43:00,18,00:00:00,00:47:00,47,0,0,46,16,138,150,116,8.082,76,55.18
2023-05-11,JFK,B6,FL000001957,21:36:00,23:01:00,85,00:11:00,04:15:00,244,0,0,23,22,322,50,23,10.436,111,91.96
2023-05-12,FLL,AA,FL000001958,21:47:00,22:44:00,57,00:22:00,04:22:00,240,0,0,41,24,161,150,102,4.831,23,74.64
2023-05-13,JFK,B6,FL000001959,21:58:00,22:06:00,8,00:33:00,02:34:00,121,1,0,34,10,240,175,158,3.452,119,59.12
2023-05-14,SFO,DL,FL000001960,22:09:00,22:39:00,30,00:44:00,05:21:00,277,0,0,60,30,59,50,34,6.568,64,26.63
2023-05-15,LAX,UA,FL000001961,22:20:00,01:52:00,212,00:55:00,03:52:00,177,0,0,55,13,349,50,42,7.884,94,38.04
2023-05-16,EWR,UA,FL000001962,22:31:00,00:57:00,146,06:06:00,08:44:00,158,0,0,36,16,282,50,37,4.87,78,97.09
2023-05-17,DTW,G4,FL000001963,22:42:00,02:35:00,233,06:17:00,09:48:00,211,0,0,26,15,362,300,145,0.323,16,92.97
2023-05-18,MSP,F9,FL000001964,22:53:00,00:10:00,77,06:28:00,10:04:00,216,0,0,39,4,222,260,248,6.33,12,39.59
2023-05-19,LAS,AS,FL000001965,23:04:00,02:08:00,184,06:39:00,07:38:00,59,0,0,46,7,105,240,137,1.364,81,33.28
2023-05-20,ORD,B6,FL000001966,23:15:00,02:59:00,224,06:50:00,07:03:00,13,0,0,34,24,320,220,122,2.597,12,87.59
2023-05-21,EWR,WN,FL000001967,23:26:00,01:53:00,147,07:01:00,08:36:00,95,0,0,16,12,165,190,110,4.811,114,68.15
2023-05-22,PHX,B6,FL000001968,23:37:00,00:13:00,36,07:12:00,09:36:00,144,0,0,52,7,311,110,89,11.929,23,66.96
2023-05-23,JFK,HA,FL000001969,23:48:00,23:55:00,7,07:23:00,09:16:00,113,0,0,44,5,114,90,78,0.639,2,55.67
2023-05-24,BOS,DL,FL000001970,23:59:00,01:32:00,93,07:34:00,07:22:00,-12,0,0,24,17,244,130,117,3.148,111,77.13
2023-05-25,PHX,AS,FL000001971,05:10:00,05:02:00,-8,07:45:00,09:00:00,75,0,0,29,21,124,130,123,11.525,94,42.22
2023-05-26,LAS,UA,FL000001972,05:21:00,05:17:00,-4,07:56:00,07:53:00,-3,0,0,46,7,343,76,39,4.137,97,51.68
2023-05-27,IAH,AS,FL000001973,05:32:00,08:16:00,164,08:07:00,10:40:00,153,0,0,20,12,221,150,106,8.044,68,50.79
2023-05-28,SEA,G4,FL000001974,05:43:00,08:35:00,172,08:18:00,09:25:00,67,0,0,53,20,214,110,82,5.125,118,33.79
2023-05-29,PHX,B6,FL000001975,05:54:00,05:57:00,3,08:29:00,10:28:00,119,0,0,28,12,364,76,42,5.394,8,66.71
2023-05-30,LAS,AS,FL000001976,06:05:00,08:41:00,156,08:40:00,12:29:00,229,0,0,41,17,158,50,30,8.232,97,79.57
2023-05-31,EWR,AS,FL000001977,06:16:00,08:03:00,107,08:51:00,10:30:00,99,0,0,33,19,382,90,60,9.696,115,35.79
2023-06-01,DEN,HA,FL000001978,06:27:00,08:28:00,121,09:02:00,11:21:00,139,0,0,13,23,194,130,97,5.808,115,55.87
2023-06-02,ORD,AS,FL000001979,06:38:00,08:09:00,91,09:13:00,12:31:00,198,0,0,19,24,291,110,71,9.397,7,43.04
2023-06-03,JFK,NK,FL000001980,06:49:00,09:25:00,156,09:24:00,10:33:00,69,0,0,7,16,117,220,202,9.377,41,81.66
2023-06-04,EWR,AA,FL000001981,07:00:00,10:06:00,186,09:35:00,09:48:00,13,0,0,54,8,387,175,123,8.829,91,91.17
2023-06-05,MSP,F9,FL000001982,07:11:00,10:11:00,180,09:46:00,12:28:00,162,0,0,52,18,340,70,50,2.756,51,52.89
2023-06-06,BWI,NK,FL000001983,07:22:00,10:06:00,164,09:57:00,11:06:00,69,0,0,35,30,193,130,106,0.202,120,11.7
2023-06-07,DTW,DL,FL000001984,07:33:00,09:57:00,144,10:08:00,11:09:00,61,0,0,20,26,359,220,105,6.028,84,50.32
2023-06-08,ATL,F9,FL000001985,07:44:00,08:16:00,32,10:19:00,13:20:00,181,0,0,9,21,324,240,166,11.702,20,88.13
2023-06-09,IAH,G4,FL000001986,07:55:00,08:15:00,20,10:30:00,11:08:00,38,0,0,11,28,170,150,124,0.761,27,75.89
2023-06-10,DEN,UA,FL000001987,08:06:00,11:01:00,175,10:41:00,15:01:00,260,0,0,56,15,303,50,32,4.395,72,64.33
2023-06-11,LAX,HA,FL000001988,08:17:00,10:52:00,155,10:52:00,10:42:00,-10,0,0,49,18,260,130,81,6.436,20,22.56
2023-06-12,DEN,NK,FL000001989,08:28:00,10:55:00,147,11:03:00,13:05:00,122,0,0,45,6,367,150,79,3.883,64,52.72
2023-06-13,MCO,F9,FL000001990,08:39:00,12:03:00,204,11:14:00,15:26:00,252,0,0,27,5,31,300,287,10.13,39,59.61
2023-06-14,CLT,F9,FL000001991,08:50:00,10:46:00,116,11:25:00,14:37:00,192,0,0,51,11,370,220,141,7.519,37,96.84
2023-06-15,FLL,WN,FL000001992,09:01:00,11:17:00,136,11:36:00,13:14:00,98,0,0,45,29,61,260,178,11.738,98,50.68
2023-06-16,FLL,AA,FL000001993,09:12:00,11:58:00,166,11:47:00,16:22:00,275,1,0,41,25,253,110,79,5.597,8,91.06
2023-06-17,SEA,F9,FL000001994,09:23:00,09:59:00,36,11:58:00,16:29:00,271,0,0,54,5,364,175,104,0.868,61,49.32
2023-06-18,PHX,AA,FL000001995,09:34:00,10:41:00,67,12:09:00,14:15:00,126,0,0,29,29,335,76,44,3.059,41,20.62
2023-06-19,LAX,WN,FL000001996,09:45:00,09:46:00,1,12:20:00,13:29:00,69,0,0,50,9,178,110,78,2.433,63,27.43
2023-06-20,CLT,WN,FL000001997,09:56:00,11:55:00,119,12:31:00,14:57:00,146,0,0,58,9,73,160,90,10.084,87,53.44
2023-06-21,LAX,F9,FL000001998,10:07:00,12:46:00,159,12:42:00,15:15:00,153,0,0,15,19,275,240,234,2.656,18,46.59
2023-06-22,SFO,DL,FL000001999,10:18:00,11:49:00,91,12:53:00,14:34:00,101,0,0,43,14,70,190,124,3.88,17,74.46
2023-06-23,MSP,WN,FL000002000,10:29:00,14:09:00,220,13:04:00,15:45:00,161,0,0,14,15,280,130,93,2.33,44,51.94
